
1,10000
2,10000
3,10000
4,10000
5,10000
6,10000
7,10000
8,10000
9,10000
10,10000
11,10000
12,10000
13,10000
14,10000
15,10000
16,10000
17,10000
18,10000
19,10000
20,10000
21,10000
22,10000
23,10000
24,10000
25,10000
26,10000
27,10000
28,10000
29,10000
30,10000
31,10000
32,10000
33,10000
34,10000
35,10000
36,10000
37,10000
38,10000
39,10000
40,10000
41,10000
42,10000
43,10000
44,10000
45,10000
46,10000
47,10000
48,10000
49,10000
50,10000
51,10000
52,10000
53,10000
54,10000
55,10000
56,10000
57,10000
58,10000
59,10000
60,10000
61,10000
62,10000
63,10000
64,10000
65,10000
66,10000
67,10000
68,10000
69,10000
70,10000
71,10000
72,10000
73,10000
74,10000
75,10000
76,10000
77,10000
78,10000
79,10000
80,10000
81,10000
82,10000
83,10000
84,10000
85,10000
86,10000
87,10000
88,10000
89,10000
90,10000
91,10000
92,10000
93,10000
94,10000
95,10000
96,10000
97,10000
98,10000
99,10000
100,10000
101,10000
102,10000
103,10000
104,10000
105,10000
106,10000
107,10000
108,10000
109,10000
110,10000
111,10000
112,10000
113,10000
114,10000
115,10000
116,10000
117,10000
118,10000
119,10000
120,10000
121,10000
122,10000
123,10000
124,10000
125,10000
126,10000
127,10000
128,10000
129,10000
130,10000
131,10000
132,10000
133,10000
134,10000
135,10000
136,10000
137,10000
138,10000
139,10000
140,10000
141,10000
142,10000
143,10000
144,10000
145,10000
146,10000
147,10000
148,10000
149,10000
150,10000
151,10000
152,10000
153,10000
154,10000
155,10000
156,10000
157,10000
158,10000
159,10000
160,10000
161,10000
162,10000
163,10000
164,10000
165,10000
166,10000
167,10000
168,10000
169,10000
170,10000
171,10000
172,10000
173,10000
174,10000
175,10000
176,10000
177,10000
178,10000
179,10000
180,10000
181,10000
182,10000
183,10000
184,10000
185,10000
186,10000
187,10000
188,10000
189,10000
190,10000
191,10000
192,10000
193,10000
194,10000
195,10000
196,10000
197,10000
198,10000
199,10000
200,10000
201,10000
202,10000
203,10000
204,10000
205,10000
206,10000
207,10000
208,10000
209,10000
210,10000
211,10000
212,10000
213,10000
214,10000
215,10000
216,10000
217,10000
218,10000
219,10000
220,10000
221,10000
222,10000
223,10000
224,10000
225,10000
226,10000
227,10000
228,10000
229,10000
230,10000
231,10000
232,10000
233,10000
234,10000
235,10000
236,10000
237,10000
238,10000
239,10000
240,10000
241,10000
242,10000
243,10000
244,10000
245,10000
246,10000
247,10000
248,10000
249,10000
250,10000
251,10000
252,10000
253,10000
254,10000
255,10000
256,10000
257,10000
258,10000
259,10000
260,10000
261,10000
262,10000
263,10000
264,10000
265,10000
266,10000
267,10000
268,10000
269,10000
270,10000
271,10000
272,10000
273,10000
274,10000
275,10000
276,10000
277,10000
278,10000
279,10000
280,10000
281,10000
282,10000
283,10000
284,10000
285,10000
286,10000
287,10000
288,10000
289,10000
290,10000
291,10000
292,10000
293,10000
294,10000
295,10000
296,10000
297,10000
298,10000
299,10000
300,10000
301,10000
302,10000
303,10000
304,10000
305,10000
306,10000
307,10000
308,10000
309,10000
310,10000
311,10000
312,10000
313,10000
314,10000
315,10000
316,10000
317,10000
318,10000
319,10000
320,10000
321,10000
322,10000
323,10000
324,10000
325,10000
326,10000
327,10000
328,10000
329,10000
330,10000
331,10000
332,10000
333,10000
334,10000
335,10000
336,10000
337,10000
338,10000
339,10000
340,10000
341,10000
342,10000
343,10000
344,10000
345,10000
346,10000
347,10000
348,10000
349,10000
350,10000
351,10000
352,10000
353,10000
354,10000
355,10000
356,10000
357,10000
358,10000
359,10000
360,10000
361,10000
362,10000
363,10000
364,10000
365,10000
366,10000
367,10000
368,10000
369,10000
370,10000
371,10000
372,10000
373,10000
374,10000
375,10000
376,10000
377,10000
378,10000
379,10000
380,10000
381,10000
382,10000
383,10000
384,10000
385,10000
386,10000
387,10000
388,10000
389,10000
390,10000
391,10000
392,10000
393,10000
394,10000
395,10000
396,10000
397,10000
398,10000
399,10000
400,10000
401,10000
402,10000
403,10000
404,10000
405,10000
406,10000
407,10000
408,10000
409,10000
410,10000
411,10000
412,10000
413,10000
414,10000
415,10000
416,10000
417,10000
418,10000
419,10000
420,10000
421,10000
422,10000
423,10000
424,10000
425,10000
426,10000
427,10000
428,10000
429,10000
430,10000
431,10000
432,10000
433,10000
434,10000
435,10000
436,10000
437,10000
438,10000
439,10000
440,10000
441,10000
442,10000
443,10000
444,10000
445,10000
446,10000
447,10000
448,10000
449,10000
450,10000
451,10000
452,10000
453,10000
454,10000
455,10000
456,10000
457,10000
458,10000
459,10000
460,10000
461,10000
462,10000
463,10000
464,10000
465,10000
466,10000
467,10000
468,10000
469,10000
470,10000
471,10000
472,10000
473,10000
474,10000
475,10000
476,10000
477,10000
478,10000
479,10000
480,10000
481,10000
482,10000
483,10000
484,10000
485,10000
486,10000
487,10000
488,10000
489,10000
490,10000
491,10000
492,10000
493,10000
494,10000
495,10000
496,10000
497,10000
498,10000
499,10000
500,10000
501,10000
502,10000
503,10000
504,10000
505,10000
506,10000
507,10000
508,10000
509,10000
510,10000
511,10000
512,10000
513,10000
514,10000
515,10000
516,10000
517,10000
518,10000
519,10000
520,10000
521,10000
522,10000
523,10000
524,10000
525,10000
526,10000
527,10000
528,10000
529,10000
530,10000
531,10000
532,10000
533,10000
534,10000
535,10000
536,10000
537,10000
538,10000
539,10000
540,10000
541,10000
542,10000
543,10000
544,10000
545,10000
546,10000
547,10000
548,10000
549,10000
550,10000
551,10000
552,10000
553,10000
554,10000
555,10000
556,10000
557,10000
558,10000
559,10000
560,10000
561,10000
562,10000
563,10000
564,10000
565,10000
566,10000
567,10000
568,10000
569,10000
570,10000
571,10000
572,10000
573,10000
574,10000
575,10000
576,10000
577,10000
578,10000
579,10000
580,10000
581,10000
582,10000
583,10000
584,10000
585,10000
586,10000
587,10000
588,10000
589,10000
590,10000
591,10000
592,10000
593,10000
594,10000
595,10000
596,10000
597,10000
598,10000
599,10000
600,10000
601,10000
602,10000
603,10000
604,10000
605,10000
606,10000
607,10000
608,10000
609,10000
610,10000
611,10000
612,10000
613,10000
614,10000
615,10000
616,10000
617,10000
618,10000
619,10000
620,10000
621,10000
622,10000
623,10000
624,10000
625,10000
626,10000
627,10000
628,10000
629,10000
630,10000
631,10000
632,10000
633,10000
634,10000
635,10000
636,10000
637,10000
638,10000
639,10000
640,10000
641,10000
642,10000
643,10000
644,10000
644.269,10000
644.351,9999.98
645,9999.98
645.351,9999.98
645.359,9999.98
646,9999.98
646.351,9999.98
646.613,9999.97
647,9999.97
648,9999.97
649,9999.97
650,9999.97
651,9999.97
652,9999.97
653,9999.97
654,9999.97
655,9999.97
656,9999.97
657,9999.97
658,9999.97
659,9999.97
660,9999.97
661,9999.97
662,9999.97
663,9999.97
664,9999.97
665,9999.97
666,9999.97
667,9999.97
668,9999.97
669,9999.97
670,9999.97
671,9999.97
672,9999.97
673,9999.97
674,9999.97
675,9999.97
676,9999.97
677,9999.97
678,9999.97
679,9999.97
680,9999.97
681,9999.97
682,9999.97
683,9999.97
684,9999.97
685,9999.97
686,9999.97
687,9999.97
688,9999.97
689,9999.97
690,9999.97
691,9999.97
692,9999.97
693,9999.97
694,9999.97
695,9999.97
696,9999.97
697,9999.97
698,9999.97
699,9999.97
700,9999.97
701,9999.97
702,9999.97
703,9999.97
704,9999.97
705,9999.97
706,9999.97
707,9999.97
708,9999.97
709,9999.97
710,9999.97
711,9999.97
712,9999.97
713,9999.97
714,9999.97
715,9999.97
716,9999.97
717,9999.97
718,9999.97
719,9999.97
720,9999.97
721,9999.97
722,9999.97
723,9999.97
724,9999.97
725,9999.97
726,9999.97
727,9999.97
728,9999.97
729,9999.97
730,9999.97
731,9999.97
732,9999.97
733,9999.97
734,9999.97
735,9999.97
736,9999.97
737,9999.97
738,9999.97
739,9999.97
740,9999.97
741,9999.97
742,9999.97
743,9999.97
744,9999.97
745,9999.97
746,9999.97
747,9999.97
748,9999.97
749,9999.97
750,9999.97
751,9999.97
752,9999.97
753,9999.97
754,9999.97
755,9999.97
756,9999.97
757,9999.97
758,9999.97
759,9999.97
760,9999.97
761,9999.97
762,9999.97
763,9999.97
764,9999.97
765,9999.97
766,9999.97
767,9999.97
768,9999.97
769,9999.97
770,9999.97
771,9999.97
772,9999.97
773,9999.97
774,9999.97
775,9999.97
776,9999.97
777,9999.97
778,9999.97
779,9999.97
780,9999.97
781,9999.97
782,9999.97
783,9999.97
784,9999.97
785,9999.97
786,9999.97
787,9999.97
788,9999.97
789,9999.97
790,9999.97
791,9999.97
792,9999.97
793,9999.97
794,9999.97
795,9999.97
796,9999.97
797,9999.97
798,9999.97
799,9999.97
800,9999.97
801,9999.97
802,9999.97
803,9999.97
804,9999.97
805,9999.97
806,9999.97
807,9999.97
808,9999.97
809,9999.97
810,9999.97
811,9999.97
812,9999.97
813,9999.97
814,9999.97
815,9999.97
816,9999.97
817,9999.97
818,9999.97
819,9999.97
820,9999.97
821,9999.97
822,9999.97
823,9999.97
824,9999.97
825,9999.97
826,9999.97
827,9999.97
828,9999.97
829,9999.97
830,9999.97
831,9999.97
832,9999.97
833,9999.97
834,9999.97
835,9999.97
836,9999.97
837,9999.97
838,9999.97
839,9999.97
840,9999.97
841,9999.97
842,9999.97
843,9999.97
844,9999.97
845,9999.97
846,9999.97
847,9999.97
848,9999.97
849,9999.97
850,9999.97
851,9999.97
852,9999.97
853,9999.97
854,9999.97
855,9999.97
856,9999.97
857,9999.97
858,9999.97
859,9999.97
860,9999.97
861,9999.97
862,9999.97
863,9999.97
864,9999.97
865,9999.97
866,9999.97
867,9999.97
868,9999.97
869,9999.97
870,9999.97
871,9999.97
872,9999.97
873,9999.97
874,9999.97
875,9999.97
876,9999.97
877,9999.97
878,9999.97
879,9999.97
880,9999.97
881,9999.97
882,9999.97
883,9999.97
884,9999.97
885,9999.97
886,9999.97
887,9999.97
888,9999.97
889,9999.97
890,9999.97
891,9999.97
892,9999.97
893,9999.97
894,9999.97
895,9999.97
896,9999.97
897,9999.97
898,9999.97
899,9999.97
900,9999.97
901,9999.97
902,9999.97
903,9999.97
904,9999.97
905,9999.97
906,9999.97
907,9999.97
908,9999.97
909,9999.97
910,9999.97
911,9999.97
912,9999.97
913,9999.97
914,9999.97
915,9999.97
916,9999.97
917,9999.97
918,9999.97
919,9999.97
920,9999.97
921,9999.97
922,9999.97
923,9999.97
924,9999.97
925,9999.97
926,9999.97
927,9999.97
928,9999.97
929,9999.97
930,9999.97
931,9999.97
932,9999.97
933,9999.97
934,9999.97
935,9999.97
936,9999.97
937,9999.97
938,9999.97
939,9999.97
940,9999.97
941,9999.97
942,9999.97
943,9999.97
944,9999.97
945,9999.97
946,9999.97
947,9999.97
948,9999.97
949,9999.97
950,9999.97
951,9999.97
952,9999.97
953,9999.97
954,9999.97
955,9999.97
956,9999.97
957,9999.97
958,9999.97
959,9999.97
960,9999.97
961,9999.97
962,9999.97
963,9999.97
964,9999.97
965,9999.97
966,9999.97
967,9999.97
968,9999.97
969,9999.97
970,9999.97
971,9999.97
972,9999.97
973,9999.97
974,9999.97
975,9999.97
976,9999.97
977,9999.97
978,9999.97
979,9999.97
980,9999.97
981,9999.97
982,9999.97
983,9999.97
984,9999.97
985,9999.97
986,9999.97
987,9999.97
988,9999.97
989,9999.97
990,9999.97
991,9999.97
992,9999.97
993,9999.97
994,9999.97
995,9999.97
996,9999.97
997,9999.97
998,9999.97
999,9999.97
1000,9999.97
1001,9999.97
1002,9999.97
1003,9999.97
1004,9999.97
1005,9999.97
1006,9999.97
1007,9999.97
1008,9999.97
1009,9999.97
1010,9999.97
1011,9999.97
1012,9999.97
1013,9999.97
1014,9999.97
1015,9999.97
1016,9999.97
1017,9999.97
1018,9999.97
1019,9999.97
1020,9999.97
1021,9999.97
1022,9999.97
1023,9999.97
1024,9999.97
1025,9999.97
1026,9999.97
1027,9999.97
1028,9999.97
1029,9999.97
1030,9999.97
1031,9999.97
1032,9999.97
1033,9999.97
1034,9999.97
1035,9999.97
1036,9999.97
1037,9999.97
1038,9999.97
1039,9999.97
1040,9999.97
1041,9999.97
1042,9999.97
1043,9999.97
1044,9999.97
1045,9999.97
1046,9999.97
1047,9999.97
1048,9999.97
1049,9999.97
1050,9999.97
1051,9999.97
1052,9999.97
1053,9999.97
1054,9999.97
1055,9999.97
1056,9999.97
1057,9999.97
1058,9999.97
1059,9999.97
1060,9999.97
1061,9999.97
1062,9999.97
1063,9999.97
1064,9999.97
1065,9999.97
1066,9999.97
1067,9999.97
1068,9999.97
1069,9999.97
1070,9999.97
1071,9999.97
1072,9999.97
1073,9999.97
1074,9999.97
1075,9999.97
1076,9999.97
1077,9999.97
1078,9999.97
1079,9999.97
1080,9999.97
1081,9999.97
1082,9999.97
1083,9999.97
1084,9999.97
1085,9999.97
1086,9999.97
1087,9999.97
1088,9999.97
1089,9999.97
1090,9999.97
1091,9999.97
1092,9999.97
1093,9999.97
1094,9999.97
1095,9999.97
1096,9999.97
1097,9999.97
1098,9999.97
1099,9999.97
1100,9999.97
1101,9999.97
1102,9999.97
1103,9999.97
1104,9999.97
1105,9999.97
1106,9999.97
1107,9999.97
1108,9999.97
1109,9999.97
1110,9999.97
1111,9999.97
1112,9999.97
1113,9999.97
1114,9999.97
1115,9999.97
1116,9999.97
1117,9999.97
1118,9999.97
1119,9999.97
1120,9999.97
1121,9999.97
1122,9999.97
1123,9999.97
1124,9999.97
1125,9999.97
1126,9999.97
1127,9999.97
1128,9999.97
1129,9999.97
1130,9999.97
1131,9999.97
1132,9999.97
1133,9999.97
1134,9999.97
1135,9999.97
1136,9999.97
1137,9999.97
1138,9999.97
1139,9999.97
1140,9999.97
1141,9999.97
1142,9999.97
1143,9999.97
1144,9999.97
1145,9999.97
1146,9999.97
1147,9999.97
1148,9999.97
1149,9999.97
1150,9999.97
1151,9999.97
1152,9999.97
1153,9999.97
1154,9999.97
1155,9999.97
1156,9999.97
1157,9999.97
1158,9999.97
1159,9999.97
1160,9999.97
1161,9999.97
1162,9999.97
1163,9999.97
1164,9999.97
1165,9999.97
1166,9999.97
1167,9999.97
1168,9999.97
1169,9999.97
1170,9999.97
1171,9999.97
1172,9999.97
1173,9999.97
1174,9999.97
1175,9999.97
1176,9999.97
1177,9999.97
1178,9999.97
1179,9999.97
1180,9999.97
1181,9999.97
1182,9999.97
1183,9999.97
1184,9999.97
1185,9999.97
1186,9999.97
1187,9999.97
1188,9999.97
1189,9999.97
1190,9999.97
1191,9999.97
1192,9999.97
1193,9999.97
1194,9999.97
1195,9999.97
1196,9999.97
1197,9999.97
1198,9999.97
1199,9999.97
1200,9999.97
1201,9999.97
1202,9999.97
1203,9999.97
1204,9999.97
1205,9999.97
1206,9999.97
1207,9999.97
1208,9999.97
1209,9999.97
1210,9999.97
1211,9999.97
1212,9999.97
1213,9999.97
1214,9999.97
1215,9999.97
1216,9999.97
1217,9999.97
1218,9999.97
1219,9999.97
1220,9999.97
1221,9999.97
1222,9999.97
1223,9999.97
1224,9999.97
1225,9999.97
1226,9999.97
1227,9999.97
1228,9999.97
1229,9999.97
1230,9999.97
1231,9999.97
1232,9999.97
1233,9999.97
1234,9999.97
1235,9999.97
1236,9999.97
1237,9999.97
1238,9999.97
1239,9999.97
1240,9999.97
1241,9999.97
1242,9999.97
1243,9999.97
1244,9999.97
1245,9999.97
1246,9999.97
1247,9999.97
1248,9999.97
1249,9999.97
1250,9999.97
1251,9999.97
1252,9999.97
1253,9999.97
1254,9999.97
1255,9999.97
1256,9999.97
1257,9999.97
1258,9999.97
1259,9999.97
1260,9999.97
1261,9999.97
1262,9999.97
1263,9999.97
1264,9999.97
1265,9999.97
1266,9999.97
1267,9999.97
1268,9999.97
1269,9999.97
1270,9999.97
1271,9999.97
1272,9999.97
1273,9999.97
1274,9999.97
1275,9999.97
1276,9999.97
1277,9999.97
1278,9999.97
1279,9999.97
1280,9999.97
1281,9999.97
1282,9999.97
1283,9999.97
1284,9999.97
1285,9999.97
1286,9999.97
1287,9999.97
1288,9999.97
1289,9999.97
1290,9999.97
1291,9999.97
1292,9999.97
1293,9999.97
1294,9999.97
1295,9999.97
1296,9999.97
1297,9999.97
1298,9999.97
1299,9999.97
1300,9999.97
1301,9999.97
1302,9999.97
1303,9999.97
1304,9999.97
1305,9999.97
1306,9999.97
1307,9999.97
1308,9999.97
1309,9999.97
1310,9999.97
1311,9999.97
1312,9999.97
1313,9999.97
1314,9999.97
1315,9999.97
1316,9999.97
1317,9999.97
1318,9999.97
1319,9999.97
1320,9999.97
1321,9999.97
1322,9999.97
1323,9999.97
1324,9999.97
1325,9999.97
1326,9999.97
1327,9999.97
1328,9999.97
1329,9999.97
1330,9999.97
1331,9999.97
1332,9999.97
1333,9999.97
1334,9999.97
1335,9999.97
1336,9999.97
1337,9999.97
1338,9999.97
1339,9999.97
1340,9999.97
1341,9999.97
1342,9999.97
1343,9999.97
1344,9999.97
1345,9999.97
1346,9999.97
1347,9999.97
1348,9999.97
1349,9999.97
1350,9999.97
1351,9999.97
1352,9999.97
1353,9999.97
1354,9999.97
1355,9999.97
1356,9999.97
1357,9999.97
1358,9999.97
1359,9999.97
1360,9999.97
1361,9999.97
1362,9999.97
1363,9999.97
1364,9999.97
1365,9999.97
1366,9999.97
1367,9999.97
1368,9999.97
1369,9999.97
1370,9999.97
1371,9999.97
1372,9999.97
1373,9999.97
1374,9999.97
1375,9999.97
1376,9999.97
1377,9999.97
1378,9999.97
1379,9999.97
1380,9999.97
1381,9999.97
1382,9999.97
1383,9999.97
1384,9999.97
1385,9999.97
1386,9999.97
1387,9999.97
1388,9999.97
1389,9999.97
1390,9999.97
1391,9999.97
1392,9999.97
1393,9999.97
1394,9999.97
1395,9999.97
1396,9999.97
1397,9999.97
1398,9999.97
1399,9999.97
1400,9999.97
1401,9999.97
1402,9999.97
1403,9999.97
1404,9999.97
1405,9999.97
1406,9999.97
1407,9999.97
1408,9999.97
1409,9999.97
1410,9999.97
1411,9999.97
1412,9999.97
1413,9999.97
1414,9999.97
1415,9999.97
1416,9999.97
1417,9999.97
1418,9999.97
1419,9999.97
1420,9999.97
1421,9999.97
1422,9999.97
1423,9999.97
1424,9999.97
1425,9999.97
1426,9999.97
1427,9999.97
1428,9999.97
1429,9999.97
1430,9999.97
1431,9999.97
1432,9999.97
1433,9999.97
1434,9999.97
1435,9999.97
1436,9999.97
1437,9999.97
1438,9999.97
1439,9999.97
1440,9999.97
1441,9999.97
1442,9999.97
1443,9999.97
1444,9999.97
1445,9999.97
1446,9999.97
1447,9999.97
1448,9999.97
1449,9999.97
1450,9999.97
1451,9999.97
1452,9999.97
1453,9999.97
1454,9999.97
1455,9999.97
1456,9999.97
1457,9999.97
1458,9999.97
1459,9999.97
1460,9999.97
1461,9999.97
1462,9999.97
1463,9999.97
1464,9999.97
1465,9999.97
1466,9999.97
1467,9999.97
1468,9999.97
1469,9999.97
1470,9999.97
1471,9999.97
1472,9999.97
1473,9999.97
1474,9999.97
1475,9999.97
1476,9999.97
1477,9999.97
1478,9999.97
1479,9999.97
1480,9999.97
1481,9999.97
1482,9999.97
1483,9999.97
1484,9999.97
1485,9999.97
1486,9999.97
1487,9999.97
1488,9999.97
1489,9999.97
1490,9999.97
1491,9999.97
1492,9999.97
1493,9999.97
1494,9999.97
1495,9999.97
1496,9999.97
1497,9999.97
1498,9999.97
1499,9999.97
1500,9999.97
1501,9999.97
1502,9999.97
1503,9999.97
1504,9999.97
1505,9999.97
1506,9999.97
1507,9999.97
1508,9999.97
1509,9999.97
1510,9999.97
1511,9999.97
1512,9999.97
1513,9999.97
1514,9999.97
1515,9999.97
1516,9999.97
1517,9999.97
1518,9999.97
1519,9999.97
1520,9999.97
1521,9999.97
1522,9999.97
1523,9999.97
1524,9999.97
1525,9999.97
1526,9999.97
1527,9999.97
1528,9999.97
1529,9999.97
1530,9999.97
1531,9999.97
1532,9999.97
1533,9999.97
1534,9999.97
1535,9999.97
1536,9999.97
1537,9999.97
1538,9999.97
1539,9999.97
1540,9999.97
1541,9999.97
1542,9999.97
1543,9999.97
1544,9999.97
1545,9999.97
1546,9999.97
1547,9999.97
1548,9999.97
1549,9999.97
1550,9999.97
1551,9999.97
1552,9999.97
1553,9999.97
1554,9999.97
1555,9999.97
1556,9999.97
1557,9999.97
1558,9999.97
1559,9999.97
1560,9999.97
1561,9999.97
1562,9999.97
1563,9999.97
1564,9999.97
1565,9999.97
1566,9999.97
1567,9999.97
1568,9999.97
1569,9999.97
1570,9999.97
1571,9999.97
1572,9999.97
1573,9999.97
1574,9999.97
1575,9999.97
1576,9999.97
1577,9999.97
1578,9999.97
1579,9999.97
1580,9999.97
1581,9999.97
1582,9999.97
1583,9999.97
1584,9999.97
1585,9999.97
1586,9999.97
1587,9999.97
1588,9999.97
1589,9999.97
1590,9999.97
1591,9999.97
1592,9999.97
1593,9999.97
1594,9999.97
1595,9999.97
1596,9999.97
1597,9999.97
1598,9999.97
1599,9999.97
1600,9999.97
1601,9999.97
1602,9999.97
1603,9999.97
1604,9999.97
1605,9999.97
1606,9999.97
1607,9999.97
1608,9999.97
1609,9999.97
1610,9999.97
1611,9999.97
1612,9999.97
1613,9999.97
1614,9999.97
1615,9999.97
1616,9999.97
1617,9999.97
1618,9999.97
1619,9999.97
1620,9999.97
1621,9999.97
1622,9999.97
1623,9999.97
1624,9999.97
1625,9999.97
1626,9999.97
1627,9999.97
1628,9999.97
1629,9999.97
1630,9999.97
1631,9999.97
1632,9999.97
1633,9999.97
1634,9999.97
1635,9999.97
1636,9999.97
1637,9999.97
1638,9999.97
1639,9999.97
1640,9999.97
1641,9999.97
1642,9999.97
1643,9999.97
1644,9999.97
1645,9999.97
1646,9999.97
1647,9999.97
1648,9999.97
1649,9999.97
1650,9999.97
1651,9999.97
1652,9999.97
1653,9999.97
1654,9999.97
1655,9999.97
1656,9999.97
1657,9999.97
1658,9999.97
1659,9999.97
1660,9999.97
1661,9999.97
1662,9999.97
1663,9999.97
1664,9999.97
1665,9999.97
1666,9999.97
1667,9999.97
1668,9999.97
1669,9999.97
1670,9999.97
1671,9999.97
1672,9999.97
1673,9999.97
1674,9999.97
1675,9999.97
1676,9999.97
1677,9999.97
1678,9999.97
1679,9999.97
1680,9999.97
1681,9999.97
1682,9999.97
1683,9999.97
1684,9999.97
1685,9999.97
1686,9999.97
1687,9999.97
1688,9999.97
1689,9999.97
1690,9999.97
1691,9999.97
1692,9999.97
1693,9999.97
1694,9999.97
1695,9999.97
1696,9999.97
1697,9999.97
1698,9999.97
1699,9999.97
1700,9999.97
1701,9999.97
1702,9999.97
1703,9999.97
1704,9999.97
1705,9999.97
1706,9999.97
1707,9999.97
1708,9999.97
1709,9999.97
1710,9999.97
1711,9999.97
1712,9999.97
1713,9999.97
1714,9999.97
1715,9999.97
1716,9999.97
1717,9999.97
1718,9999.97
1719,9999.97
1720,9999.97
1721,9999.97
1722,9999.97
1723,9999.97
1724,9999.97
1725,9999.97
1726,9999.97
1727,9999.97
1728,9999.97
1729,9999.97
1730,9999.97
1731,9999.97
1732,9999.97
1733,9999.97
1734,9999.97
1735,9999.97
1736,9999.97
1737,9999.97
1738,9999.97
1739,9999.97
1740,9999.97
1741,9999.97
1742,9999.97
1743,9999.97
1744,9999.97
1745,9999.97
1746,9999.97
1747,9999.97
1748,9999.97
1749,9999.97
1750,9999.97
1751,9999.97
1752,9999.97
1753,9999.97
1754,9999.97
1755,9999.97
1756,9999.97
1757,9999.97
1758,9999.97
1759,9999.97
1760,9999.97
1761,9999.97
1762,9999.97
1763,9999.97
1764,9999.97
1765,9999.97
1766,9999.97
1767,9999.97
1768,9999.97
1769,9999.97
1770,9999.97
1771,9999.97
1772,9999.97
1773,9999.97
1774,9999.97
1775,9999.97
1776,9999.97
1777,9999.97
1778,9999.97
1779,9999.97
1780,9999.97
1781,9999.97
1782,9999.97
1783,9999.97
1784,9999.97
1785,9999.97
1786,9999.97
1787,9999.97
1788,9999.97
1789,9999.97
1790,9999.97
1791,9999.97
1792,9999.97
1793,9999.97
1794,9999.97
1795,9999.97
1796,9999.97
1797,9999.97
1798,9999.97
1799,9999.97
1800,9999.97
1801,9999.97
1802,9999.97
1803,9999.97
1804,9999.97
1805,9999.97
1806,9999.97
1807,9999.97
1808,9999.97
1809,9999.97
1810,9999.97
1811,9999.97
1812,9999.97
1813,9999.97
1814,9999.97
1815,9999.97
1816,9999.97
1817,9999.97
1818,9999.97
1819,9999.97
1820,9999.97
1821,9999.97
1822,9999.97
1823,9999.97
1824,9999.97
1825,9999.97
1826,9999.97
1827,9999.97
1828,9999.97
1829,9999.97
1830,9999.97
1831,9999.97
1832,9999.97
1833,9999.97
1834,9999.97
1835,9999.97
1836,9999.97
1837,9999.97
1838,9999.97
1839,9999.97
1840,9999.97
1841,9999.97
1842,9999.97
1843,9999.97
1844,9999.97
1845,9999.97
1846,9999.97
1847,9999.97
1848,9999.97
1849,9999.97
1850,9999.97
1851,9999.97
1852,9999.97
1853,9999.97
1854,9999.97
1855,9999.97
1856,9999.97
1857,9999.97
1858,9999.97
1859,9999.97
1860,9999.97
1861,9999.97
1862,9999.97
1863,9999.97
1864,9999.97
1865,9999.97
1866,9999.97
1867,9999.97
1868,9999.97
1869,9999.97
1870,9999.97
1871,9999.97
1872,9999.97
1873,9999.97
1874,9999.97
1875,9999.97
1876,9999.97
1877,9999.97
1878,9999.97
1879,9999.97
1880,9999.97
1881,9999.97
1882,9999.97
1883,9999.97
1884,9999.97
1885,9999.97
1886,9999.97
1887,9999.97
1888,9999.97
1889,9999.97
1890,9999.97
1891,9999.97
1892,9999.97
1893,9999.97
1894,9999.97
1895,9999.97
1896,9999.97
1897,9999.97
1898,9999.97
1899,9999.97
1900,9999.97
1901,9999.97
1902,9999.97
1903,9999.97
1904,9999.97
1905,9999.97
1906,9999.97
1907,9999.97
1908,9999.97
1909,9999.97
1910,9999.97
1911,9999.97
1912,9999.97
1913,9999.97
1914,9999.97
1915,9999.97
1916,9999.97
1917,9999.97
1918,9999.97
1919,9999.97
1920,9999.97
1921,9999.97
1922,9999.97
1923,9999.97
1924,9999.97
1925,9999.97
1926,9999.97
1927,9999.97
1928,9999.97
1929,9999.97
1930,9999.97
1931,9999.97
1932,9999.97
1933,9999.97
1934,9999.97
1935,9999.97
1936,9999.97
1937,9999.97
1938,9999.97
1939,9999.97
1940,9999.97
1941,9999.97
1942,9999.97
1943,9999.97
1944,9999.97
1945,9999.97
1946,9999.97
1947,9999.97
1948,9999.97
1949,9999.97
1950,9999.97
1951,9999.97
1952,9999.97
1953,9999.97
1954,9999.97
1955,9999.97
1956,9999.97
1957,9999.97
1958,9999.97
1959,9999.97
1960,9999.97
1961,9999.97
1962,9999.97
1963,9999.97
1964,9999.97
1965,9999.97
1966,9999.97
1967,9999.97
1968,9999.97
1969,9999.97
1970,9999.97
1971,9999.97
1972,9999.97
1973,9999.97
1974,9999.97
1975,9999.97
1976,9999.97
1977,9999.97
1978,9999.97
1979,9999.97
1980,9999.97
1981,9999.97
1982,9999.97
1983,9999.97
1984,9999.97
1985,9999.97
1986,9999.97
1987,9999.97
1988,9999.97
1989,9999.97
1990,9999.97
1991,9999.97
1992,9999.97
1993,9999.97
1994,9999.97
1995,9999.97
1996,9999.97
1997,9999.97
1998,9999.97
1999,9999.97
2000,9999.97
2001,9999.97
2002,9999.97
2003,9999.97
2004,9999.97
2005,9999.97
2006,9999.97
2007,9999.97
2008,9999.97
2009,9999.97
2010,9999.97
2011,9999.97
2012,9999.97
2013,9999.97
2014,9999.97
2015,9999.97
2016,9999.97
2017,9999.97
2018,9999.97
2019,9999.97
2020,9999.97
2021,9999.97
2022,9999.97
2023,9999.97
2024,9999.97
2025,9999.97
2026,9999.97
2027,9999.97
2028,9999.97
2029,9999.97
2030,9999.97
2031,9999.97
2032,9999.97
2033,9999.97
2034,9999.97
2035,9999.97
2036,9999.97
2037,9999.97
2038,9999.97
2039,9999.97
2040,9999.97
2041,9999.97
2042,9999.97
2043,9999.97
2044,9999.97
2045,9999.97
2046,9999.97
2047,9999.97
2048,9999.97
2049,9999.97
2050,9999.97
2051,9999.97
2052,9999.97
2053,9999.97
2054,9999.97
2055,9999.97
2056,9999.97
2057,9999.97
2058,9999.97
2059,9999.97
2060,9999.97
2061,9999.97
2062,9999.97
2063,9999.97
2064,9999.97
2065,9999.97
2066,9999.97
2067,9999.97
2068,9999.97
2069,9999.97
2070,9999.97
2071,9999.97
2072,9999.97
2073,9999.97
2074,9999.97
2075,9999.97
2076,9999.97
2077,9999.97
2078,9999.97
2079,9999.97
2080,9999.97
2081,9999.97
2082,9999.97
2083,9999.97
2084,9999.97
2085,9999.97
2086,9999.97
2087,9999.97
2088,9999.97
2089,9999.97
2090,9999.97
2091,9999.97
2092,9999.97
2093,9999.97
2094,9999.97
2095,9999.97
2096,9999.97
2097,9999.97
2098,9999.97
2099,9999.97
2100,9999.97
2101,9999.97
2102,9999.97
2103,9999.97
2104,9999.97
2105,9999.97
2106,9999.97
2107,9999.97
2108,9999.97
2109,9999.97
2110,9999.97
2111,9999.97
2112,9999.97
2113,9999.97
2114,9999.97
2115,9999.97
2116,9999.97
2117,9999.97
2118,9999.97
2119,9999.97
2120,9999.97
2121,9999.97
2122,9999.97
2123,9999.97
2124,9999.97
2125,9999.97
2126,9999.97
2127,9999.97
2128,9999.97
2129,9999.97
2130,9999.97
2131,9999.97
2132,9999.97
2133,9999.97
2134,9999.97
2135,9999.97
2136,9999.97
2137,9999.97
2138,9999.97
2139,9999.97
2140,9999.97
2141,9999.97
2142,9999.97
2143,9999.97
2144,9999.97
2145,9999.97
2146,9999.97
2147,9999.97
2148,9999.97
2149,9999.97
2150,9999.97
2151,9999.97
2152,9999.97
2153,9999.97
2154,9999.97
2155,9999.97
2156,9999.97
2157,9999.97
2158,9999.97
2159,9999.97
2160,9999.97
2161,9999.97
2162,9999.97
2163,9999.97
2164,9999.97
2165,9999.97
2166,9999.97
2167,9999.97
2168,9999.97
2169,9999.97
2170,9999.97
2171,9999.97
2172,9999.97
2173,9999.97
2174,9999.97
2175,9999.97
2176,9999.97
2177,9999.97
2178,9999.97
2179,9999.97
2180,9999.97
2181,9999.97
2182,9999.97
2183,9999.97
2184,9999.97
2185,9999.97
2186,9999.97
2187,9999.97
2188,9999.97
2189,9999.97
2190,9999.97
2191,9999.97
2192,9999.97
2193,9999.97
2194,9999.97
2195,9999.97
2196,9999.97
2197,9999.97
2198,9999.97
2199,9999.97
2200,9999.97
2201,9999.97
2202,9999.97
2203,9999.97
2204,9999.97
2205,9999.97
2206,9999.97
2207,9999.97
2208,9999.97
2209,9999.97
2210,9999.97
2211,9999.97
2212,9999.97
2213,9999.97
2214,9999.97
2215,9999.97
2216,9999.97
2217,9999.97
2218,9999.97
2219,9999.97
2220,9999.97
2221,9999.97
2222,9999.97
2223,9999.97
2224,9999.97
2225,9999.97
2226,9999.97
2227,9999.97
2228,9999.97
2229,9999.97
2230,9999.97
2231,9999.97
2232,9999.97
2233,9999.97
2234,9999.97
2235,9999.97
2236,9999.97
2237,9999.97
2238,9999.97
2239,9999.97
2240,9999.97
2241,9999.97
2242,9999.97
2243,9999.97
2244,9999.97
2245,9999.97
2246,9999.97
2247,9999.97
2248,9999.97
2249,9999.97
2250,9999.97
2251,9999.97
2252,9999.97
2253,9999.97
2254,9999.97
2255,9999.97
2256,9999.97
2257,9999.97
2258,9999.97
2259,9999.97
2260,9999.97
2261,9999.97
2262,9999.97
2263,9999.97
2264,9999.97
2265,9999.97
2266,9999.97
2267,9999.97
2268,9999.97
2269,9999.97
2270,9999.97
2271,9999.97
2272,9999.97
2273,9999.97
2274,9999.97
2275,9999.97
2276,9999.97
2277,9999.97
2278,9999.97
2279,9999.97
2280,9999.97
2281,9999.97
2282,9999.97
2283,9999.97
2284,9999.97
2285,9999.97
2286,9999.97
2287,9999.97
2288,9999.97
2289,9999.97
2290,9999.97
2291,9999.97
2292,9999.97
2293,9999.97
2294,9999.97
2295,9999.97
2296,9999.97
2297,9999.97
2298,9999.97
2299,9999.97
2300,9999.97
2301,9999.97
2302,9999.97
2303,9999.97
2304,9999.97
2305,9999.97
2306,9999.97
2307,9999.97
2308,9999.97
2309,9999.97
2310,9999.97
2311,9999.97
2312,9999.97
2313,9999.97
2314,9999.97
2315,9999.97
2316,9999.97
2317,9999.97
2318,9999.97
2319,9999.97
2320,9999.97
2321,9999.97
2322,9999.97
2323,9999.97
2324,9999.97
2325,9999.97
2326,9999.97
2327,9999.97
2328,9999.97
2329,9999.97
2330,9999.97
2331,9999.97
2332,9999.97
2333,9999.97
2334,9999.97
2335,9999.97
2336,9999.97
2337,9999.97
2338,9999.97
2339,9999.97
2340,9999.97
2341,9999.97
2342,9999.97
2343,9999.97
2344,9999.97
2345,9999.97
2346,9999.97
2347,9999.97
2348,9999.97
2349,9999.97
2350,9999.97
2351,9999.97
2352,9999.97
2353,9999.97
2354,9999.97
2355,9999.97
2356,9999.97
2357,9999.97
2358,9999.97
2359,9999.97
2360,9999.97
2361,9999.97
2362,9999.97
2363,9999.97
2364,9999.97
2365,9999.97
2366,9999.97
2367,9999.97
2368,9999.97
2369,9999.97
2370,9999.97
2371,9999.97
2372,9999.97
2373,9999.97
2374,9999.97
2375,9999.97
2376,9999.97
2377,9999.97
2378,9999.97
2379,9999.97
2380,9999.97
2381,9999.97
2382,9999.97
2383,9999.97
2384,9999.97
2385,9999.97
2386,9999.97
2387,9999.97
2388,9999.97
2389,9999.97
2390,9999.97
2391,9999.97
2392,9999.97
2393,9999.97
2394,9999.97
2395,9999.97
2396,9999.97
2397,9999.97
2398,9999.97
2399,9999.97
2400,9999.97
2401,9999.97
2402,9999.97
2403,9999.97
2404,9999.97
2405,9999.97
2406,9999.97
2407,9999.97
2408,9999.97
2409,9999.97
2410,9999.97
2411,9999.97
2412,9999.97
2413,9999.97
2414,9999.97
2415,9999.97
2416,9999.97
2417,9999.97
2418,9999.97
2419,9999.97
2420,9999.97
2421,9999.97
2422,9999.97
2423,9999.97
2424,9999.97
2425,9999.97
2426,9999.97
2427,9999.97
2428,9999.97
2429,9999.97
2430,9999.97
2431,9999.97
2432,9999.97
2433,9999.97
2434,9999.97
2435,9999.97
2436,9999.97
2437,9999.97
2438,9999.97
2439,9999.97
2440,9999.97
2441,9999.97
2442,9999.97
2443,9999.97
2444,9999.97
2445,9999.97
2446,9999.97
2447,9999.97
2448,9999.97
2449,9999.97
2450,9999.97
2451,9999.97
2452,9999.97
2453,9999.97
2454,9999.97
2455,9999.97
2456,9999.97
2457,9999.97
2458,9999.97
2459,9999.97
2460,9999.97
2461,9999.97
2462,9999.97
2463,9999.97
2464,9999.97
2465,9999.97
2466,9999.97
2467,9999.97
2468,9999.97
2469,9999.97
2470,9999.97
2471,9999.97
2472,9999.97
2473,9999.97
2474,9999.97
2475,9999.97
2476,9999.97
2477,9999.97
2478,9999.97
2479,9999.97
2480,9999.97
2481,9999.97
2482,9999.97
2483,9999.97
2484,9999.97
2485,9999.97
2486,9999.97
2487,9999.97
2488,9999.97
2489,9999.97
2490,9999.97
2491,9999.97
2492,9999.97
2493,9999.97
2494,9999.97
2495,9999.97
2496,9999.97
2497,9999.97
2498,9999.97
2499,9999.97
2500,9999.97
2501,9999.97
2502,9999.97
2503,9999.97
2504,9999.97
2505,9999.97
2506,9999.97
2507,9999.97
2508,9999.97
2509,9999.97
2510,9999.97
2511,9999.97
2512,9999.97
2513,9999.97
2514,9999.97
2515,9999.97
2516,9999.97
2517,9999.97
2518,9999.97
2519,9999.97
2520,9999.97
2521,9999.97
2522,9999.97
2523,9999.97
2524,9999.97
2525,9999.97
2526,9999.97
2527,9999.97
2528,9999.97
2529,9999.97
2530,9999.97
2531,9999.97
2532,9999.97
2533,9999.97
2534,9999.97
2535,9999.97
2536,9999.97
2537,9999.97
2538,9999.97
2539,9999.97
2540,9999.97
2541,9999.97
2542,9999.97
2543,9999.97
2544,9999.97
2545,9999.97
2546,9999.97
2547,9999.97
2548,9999.97
2549,9999.97
2550,9999.97
2551,9999.97
2552,9999.97
2553,9999.97
2554,9999.97
2555,9999.97
2556,9999.97
2557,9999.97
2558,9999.97
2559,9999.97
2560,9999.97
2561,9999.97
2562,9999.97
2563,9999.97
2564,9999.97
2565,9999.97
2566,9999.97
2567,9999.97
2568,9999.97
2569,9999.97
2570,9999.97
2571,9999.97
2572,9999.97
2573,9999.96
2574,9999.96
2575,9999.96
2576,9999.96
2577,9999.96
2578,9999.96
2579,9999.96
2580,9999.96
2581,9999.96
2582,9999.96
2583,9999.96
2584,9999.96
2585,9999.96
2586,9999.96
2587,9999.96
2588,9999.96
2589,9999.96
2590,9999.96
2591,9999.96
2592,9999.96
2593,9999.96
2594,9999.96
2595,9999.96
2596,9999.96
2597,9999.96
2598,9999.96
2599,9999.96
2600,9999.96
2601,9999.96
2602,9999.96
2603,9999.96
2604,9999.96
2605,9999.96
2606,9999.96
2607,9999.96
2608,9999.96
2609,9999.96
2610,9999.96
2611,9999.96
2612,9999.96
2613,9999.96
2614,9999.96
2615,9999.96
2616,9999.96
2617,9999.96
2618,9999.96
2619,9999.96
2620,9999.96
2621,9999.96
2622,9999.96
2623,9999.96
2624,9999.96
2625,9999.96
2626,9999.96
2627,9999.96
2628,9999.96
2629,9999.96
2630,9999.96
2631,9999.96
2632,9999.96
2633,9999.96
2634,9999.96
2635,9999.96
2636,9999.96
2637,9999.96
2638,9999.96
2639,9999.96
2640,9999.96
2641,9999.96
2642,9999.96
2643,9999.96
2644,9999.96
2644.27,9999.96
2644.35,9999.94
2645,9999.94
2645.35,9999.94
2645.36,9999.94
2646,9999.94
2646.35,9999.94
2646.61,9999.94
2647,9999.94
2648,9999.94
2649,9999.94
2650,9999.94
2651,9999.94
2652,9999.94
2653,9999.94
2654,9999.94
2655,9999.94
2656,9999.94
2657,9999.94
2658,9999.94
2659,9999.94
2660,9999.94
2661,9999.94
2662,9999.94
2663,9999.94
2664,9999.94
2665,9999.94
2666,9999.94
2667,9999.94
2668,9999.94
2669,9999.94
2670,9999.94
2671,9999.94
2672,9999.94
2673,9999.94
2674,9999.94
2675,9999.94
2676,9999.94
2677,9999.94
2678,9999.94
2679,9999.94
2680,9999.94
2681,9999.94
2682,9999.94
2683,9999.94
2684,9999.94
2685,9999.94
2686,9999.94
2687,9999.94
2688,9999.94
2689,9999.94
2690,9999.94
2691,9999.94
2692,9999.94
2693,9999.94
2694,9999.94
2695,9999.94
2696,9999.94
2697,9999.94
2698,9999.94
2699,9999.94
2700,9999.94
2701,9999.94
2702,9999.94
2703,9999.94
2704,9999.94
2705,9999.94
2706,9999.94
2707,9999.94
2708,9999.94
2709,9999.94
2710,9999.94
2711,9999.94
2712,9999.94
2713,9999.94
2714,9999.94
2715,9999.94
2716,9999.94
2717,9999.94
2718,9999.94
2719,9999.94
2720,9999.94
2721,9999.94
2722,9999.94
2723,9999.94
2724,9999.94
2725,9999.94
2726,9999.94
2727,9999.94
2728,9999.94
2729,9999.94
2730,9999.94
2731,9999.94
2732,9999.94
2733,9999.94
2734,9999.94
2735,9999.94
2736,9999.94
2737,9999.94
2738,9999.94
2739,9999.94
2740,9999.94
2741,9999.94
2742,9999.94
2743,9999.94
2744,9999.94
2745,9999.94
2746,9999.94
2747,9999.94
2748,9999.94
2749,9999.94
2750,9999.94
2751,9999.94
2752,9999.94
2753,9999.94
2754,9999.94
2755,9999.94
2756,9999.94
2757,9999.94
2758,9999.94
2759,9999.94
2760,9999.94
2761,9999.94
2762,9999.94
2763,9999.94
2764,9999.94
2765,9999.94
2766,9999.94
2767,9999.94
2768,9999.94
2769,9999.94
2770,9999.94
2771,9999.94
2772,9999.94
2773,9999.94
2774,9999.94
2775,9999.94
2776,9999.94
2777,9999.94
2778,9999.94
2779,9999.94
2780,9999.94
2781,9999.94
2782,9999.94
2783,9999.94
2784,9999.94
2785,9999.94
2786,9999.94
2787,9999.94
2788,9999.94
2789,9999.94
2790,9999.94
2791,9999.94
2792,9999.94
2793,9999.94
2794,9999.94
2795,9999.94
2796,9999.94
2797,9999.94
2798,9999.94
2799,9999.94
2800,9999.94
2801,9999.94
2802,9999.94
2803,9999.94
2804,9999.94
2805,9999.94
2806,9999.94
2807,9999.94
2808,9999.94
2809,9999.94
2810,9999.94
2811,9999.94
2812,9999.94
2813,9999.94
2814,9999.94
2815,9999.94
2816,9999.94
2817,9999.94
2818,9999.94
2819,9999.94
2820,9999.94
2821,9999.94
2822,9999.94
2823,9999.94
2824,9999.94
2825,9999.94
2826,9999.94
2827,9999.94
2828,9999.94
2829,9999.94
2830,9999.94
2831,9999.94
2832,9999.94
2833,9999.94
2834,9999.94
2835,9999.94
2836,9999.94
2837,9999.94
2838,9999.94
2839,9999.94
2840,9999.94
2841,9999.94
2842,9999.94
2843,9999.94
2844,9999.94
2845,9999.94
2846,9999.94
2847,9999.94
2848,9999.94
2849,9999.94
2850,9999.94
2851,9999.94
2852,9999.94
2853,9999.94
2854,9999.94
2855,9999.94
2856,9999.94
2857,9999.94
2858,9999.94
2859,9999.94
2860,9999.94
2861,9999.94
2862,9999.94
2863,9999.94
2864,9999.94
2865,9999.94
2866,9999.94
2867,9999.94
2868,9999.94
2869,9999.94
2870,9999.94
2871,9999.94
2872,9999.94
2873,9999.94
2874,9999.94
2875,9999.94
2876,9999.94
2877,9999.94
2878,9999.94
2879,9999.94
2880,9999.94
2881,9999.94
2882,9999.94
2883,9999.94
2884,9999.94
2885,9999.94
2886,9999.94
2887,9999.94
2888,9999.94
2889,9999.94
2890,9999.94
2891,9999.94
2892,9999.94
2893,9999.94
2894,9999.94
2895,9999.94
2896,9999.94
2897,9999.94
2898,9999.94
2899,9999.94
2900,9999.94
2901,9999.94
2902,9999.94
2903,9999.94
2904,9999.94
2905,9999.94
2906,9999.94
2907,9999.94
2908,9999.94
2909,9999.94
2910,9999.94
2911,9999.94
2912,9999.94
2913,9999.94
2914,9999.94
2915,9999.94
2916,9999.94
2917,9999.94
2918,9999.94
2919,9999.94
2920,9999.94
2921,9999.94
2922,9999.94
2923,9999.94
2924,9999.94
2925,9999.94
2926,9999.94
2927,9999.94
2928,9999.94
2929,9999.94
2930,9999.94
2931,9999.94
2932,9999.94
2933,9999.94
2934,9999.94
2935,9999.94
2936,9999.94
2937,9999.94
2938,9999.94
2939,9999.94
2940,9999.94
2941,9999.94
2942,9999.94
2943,9999.94
2944,9999.94
2945,9999.94
2946,9999.94
2947,9999.94
2948,9999.94
2949,9999.94
2950,9999.94
2951,9999.94
2952,9999.94
2953,9999.94
2954,9999.94
2955,9999.94
2956,9999.94
2957,9999.94
2958,9999.94
2959,9999.94
2960,9999.94
2961,9999.94
2962,9999.94
2963,9999.94
2964,9999.94
2965,9999.94
2966,9999.94
2967,9999.94
2968,9999.94
2969,9999.94
2970,9999.94
2971,9999.94
2972,9999.94
2973,9999.94
2974,9999.94
2975,9999.94
2976,9999.94
2977,9999.94
2978,9999.94
2979,9999.94
2980,9999.94
2981,9999.94
2982,9999.94
2983,9999.94
2984,9999.94
2985,9999.94
2986,9999.94
2987,9999.94
2988,9999.94
2989,9999.94
2990,9999.94
2991,9999.94
2992,9999.94
2993,9999.94
2994,9999.94
2995,9999.94
2996,9999.94
2997,9999.94
2998,9999.94
2999,9999.94
3000,9999.94
3001,9999.94
3002,9999.94
3003,9999.94
3004,9999.94
3005,9999.94
3006,9999.94
3007,9999.94
3008,9999.94
3009,9999.94
3010,9999.94
3011,9999.94
3012,9999.94
3013,9999.94
3014,9999.94
3015,9999.94
3016,9999.94
3017,9999.94
3018,9999.94
3019,9999.94
3020,9999.94
3021,9999.94
3022,9999.94
3023,9999.94
3024,9999.94
3025,9999.94
3026,9999.94
3027,9999.94
3028,9999.94
3029,9999.94
3030,9999.94
3031,9999.94
3032,9999.94
3033,9999.94
3034,9999.94
3035,9999.94
3036,9999.94
3037,9999.94
3038,9999.94
3039,9999.94
3040,9999.94
3041,9999.94
3042,9999.94
3043,9999.94
3044,9999.94
3045,9999.94
3046,9999.94
3047,9999.94
3048,9999.94
3049,9999.94
3050,9999.94
3051,9999.94
3052,9999.94
3053,9999.94
3054,9999.94
3055,9999.94
3056,9999.94
3057,9999.94
3058,9999.94
3059,9999.94
3060,9999.94
3061,9999.94
3062,9999.94
3063,9999.94
3064,9999.94
3065,9999.94
3066,9999.94
3067,9999.94
3068,9999.94
3069,9999.94
3070,9999.94
3071,9999.94
3072,9999.94
3073,9999.94
3074,9999.94
3075,9999.94
3076,9999.94
3077,9999.94
3078,9999.94
3079,9999.94
3080,9999.94
3081,9999.94
3082,9999.94
3083,9999.94
3084,9999.94
3085,9999.94
3086,9999.94
3087,9999.94
3088,9999.94
3089,9999.94
3090,9999.94
3091,9999.94
3092,9999.94
3093,9999.94
3094,9999.94
3095,9999.94
3096,9999.94
3097,9999.94
3098,9999.94
3099,9999.94
3100,9999.94
3101,9999.94
3102,9999.94
3103,9999.94
3104,9999.94
3105,9999.94
3106,9999.94
3107,9999.94
3108,9999.94
3109,9999.94
3110,9999.94
3111,9999.94
3112,9999.94
3113,9999.94
3114,9999.94
3115,9999.94
3116,9999.94
3117,9999.94
3118,9999.94
3119,9999.94
3120,9999.94
3121,9999.94
3122,9999.94
3123,9999.94
3124,9999.94
3125,9999.94
3126,9999.94
3127,9999.94
3128,9999.94
3129,9999.94
3130,9999.94
3131,9999.94
3132,9999.94
3133,9999.94
3134,9999.94
3135,9999.94
3136,9999.94
3137,9999.94
3138,9999.94
3139,9999.94
3140,9999.94
3141,9999.94
3142,9999.94
3143,9999.94
3144,9999.94
3145,9999.94
3146,9999.94
3147,9999.94
3148,9999.94
3149,9999.94
3150,9999.94
3151,9999.94
3152,9999.94
3153,9999.94
3154,9999.94
3155,9999.94
3156,9999.94
3157,9999.94
3158,9999.94
3159,9999.94
3160,9999.94
3161,9999.94
3162,9999.94
3163,9999.94
3164,9999.94
3165,9999.94
3166,9999.94
3167,9999.94
3168,9999.94
3169,9999.94
3170,9999.94
3171,9999.94
3172,9999.94
3173,9999.94
3174,9999.94
3175,9999.94
3176,9999.94
3177,9999.94
3178,9999.94
3179,9999.94
3180,9999.94
3181,9999.94
3182,9999.94
3183,9999.94
3184,9999.94
3185,9999.94
3186,9999.94
3187,9999.94
3188,9999.94
3189,9999.94
3190,9999.94
3191,9999.94
3192,9999.94
3193,9999.94
3194,9999.94
3195,9999.94
3196,9999.94
3197,9999.94
3198,9999.94
3199,9999.94
3200,9999.94
3201,9999.94
3202,9999.94
3203,9999.94
3204,9999.94
3205,9999.94
3206,9999.94
3207,9999.94
3208,9999.94
3209,9999.94
3210,9999.94
3211,9999.94
3212,9999.94
3213,9999.94
3214,9999.94
3215,9999.94
3216,9999.94
3217,9999.94
3218,9999.94
3219,9999.94
3220,9999.94
3221,9999.94
3222,9999.94
3223,9999.94
3224,9999.94
3225,9999.94
3226,9999.94
3227,9999.94
3228,9999.94
3229,9999.94
3230,9999.94
3231,9999.94
3232,9999.94
3233,9999.94
3234,9999.94
3235,9999.94
3236,9999.94
3237,9999.94
3238,9999.94
3239,9999.94
3240,9999.94
3241,9999.94
3242,9999.94
3243,9999.94
3244,9999.94
3245,9999.94
3246,9999.94
3247,9999.94
3248,9999.94
3249,9999.94
3250,9999.94
3251,9999.94
3252,9999.94
3253,9999.94
3254,9999.94
3255,9999.94
3256,9999.94
3257,9999.94
3258,9999.94
3259,9999.94
3260,9999.94
3261,9999.94
3262,9999.94
3263,9999.94
3264,9999.94
3265,9999.94
3266,9999.94
3267,9999.94
3268,9999.94
3269,9999.94
3270,9999.94
3271,9999.94
3272,9999.94
3273,9999.94
3274,9999.94
3275,9999.94
3276,9999.94
3277,9999.94
3278,9999.94
3279,9999.94
3280,9999.94
3281,9999.94
3282,9999.94
3283,9999.94
3284,9999.94
3285,9999.94
3286,9999.94
3287,9999.94
3288,9999.94
3289,9999.94
3290,9999.94
3291,9999.94
3292,9999.94
3293,9999.94
3294,9999.94
3295,9999.94
3296,9999.94
3297,9999.94
3298,9999.94
3299,9999.94
3300,9999.94
3301,9999.94
3302,9999.94
3303,9999.94
3304,9999.94
3305,9999.94
3306,9999.94
3307,9999.94
3308,9999.94
3309,9999.94
3310,9999.94
3311,9999.94
3312,9999.94
3313,9999.94
3314,9999.94
3315,9999.94
3316,9999.94
3317,9999.94
3318,9999.94
3319,9999.94
3320,9999.94
3321,9999.94
3322,9999.94
3323,9999.94
3324,9999.94
3325,9999.94
3326,9999.94
3327,9999.94
3328,9999.94
3329,9999.94
3330,9999.94
3331,9999.94
3332,9999.94
3333,9999.94
3334,9999.94
3335,9999.94
3336,9999.94
3337,9999.94
3338,9999.94
3339,9999.94
3340,9999.94
3341,9999.94
3342,9999.94
3343,9999.94
3344,9999.94
3345,9999.94
3346,9999.94
3347,9999.94
3348,9999.94
3349,9999.94
3350,9999.94
3351,9999.94
3352,9999.94
3353,9999.94
3354,9999.94
3355,9999.94
3356,9999.94
3357,9999.94
3358,9999.94
3359,9999.94
3360,9999.94
3361,9999.94
3362,9999.94
3363,9999.94
3364,9999.94
3365,9999.94
3366,9999.94
3367,9999.94
3368,9999.94
3369,9999.94
3370,9999.94
3371,9999.94
3372,9999.94
3373,9999.94
3374,9999.94
3375,9999.94
3376,9999.94
3377,9999.94
3378,9999.94
3379,9999.94
3380,9999.94
3381,9999.94
3382,9999.94
3383,9999.94
3384,9999.94
3385,9999.94
3386,9999.94
3387,9999.94
3388,9999.94
3389,9999.94
3390,9999.94
3391,9999.94
3392,9999.94
3393,9999.94
3394,9999.94
3395,9999.94
3396,9999.94
3397,9999.94
3398,9999.94
3399,9999.94
3400,9999.94
3401,9999.94
3402,9999.94
3403,9999.94
3404,9999.94
3405,9999.94
3406,9999.94
3407,9999.94
3408,9999.94
3409,9999.94
3410,9999.94
3411,9999.94
3412,9999.94
3413,9999.94
3414,9999.94
3415,9999.94
3416,9999.94
3417,9999.94
3418,9999.94
3419,9999.94
3420,9999.94
3421,9999.94
3422,9999.94
3423,9999.94
3424,9999.94
3425,9999.94
3426,9999.94
3427,9999.94
3428,9999.94
3429,9999.94
3430,9999.94
3431,9999.94
3432,9999.94
3433,9999.94
3434,9999.94
3435,9999.94
3436,9999.94
3437,9999.94
3438,9999.94
3439,9999.94
3440,9999.94
3441,9999.94
3442,9999.94
3443,9999.94
3444,9999.94
3445,9999.94
3446,9999.94
3447,9999.94
3448,9999.94
3449,9999.94
3450,9999.94
3451,9999.94
3452,9999.94
3453,9999.94
3454,9999.94
3455,9999.94
3456,9999.94
3457,9999.94
3458,9999.94
3459,9999.94
3460,9999.94
3461,9999.94
3462,9999.94
3463,9999.94
3464,9999.94
3465,9999.94
3466,9999.94
3467,9999.94
3468,9999.94
3469,9999.94
3470,9999.94
3471,9999.94
3472,9999.94
3473,9999.94
3474,9999.94
3475,9999.94
3476,9999.94
3477,9999.94
3478,9999.94
3479,9999.94
3480,9999.94
3481,9999.94
3482,9999.94
3483,9999.94
3484,9999.94
3485,9999.94
3486,9999.94
3487,9999.94
3488,9999.94
3489,9999.94
3490,9999.94
3491,9999.94
3492,9999.94
3493,9999.94
3494,9999.94
3495,9999.94
3496,9999.94
3497,9999.94
3498,9999.94
3499,9999.94
3500,9999.94
3501,9999.94
3502,9999.94
3503,9999.94
3504,9999.94
3505,9999.94
3506,9999.94
3507,9999.94
3508,9999.94
3509,9999.94
3510,9999.94
3511,9999.94
3512,9999.94
3513,9999.94
3514,9999.94
3515,9999.94
3516,9999.94
3517,9999.94
3518,9999.94
3519,9999.94
3520,9999.94
3521,9999.94
3522,9999.94
3523,9999.94
3524,9999.94
3525,9999.94
3526,9999.94
3527,9999.94
3528,9999.94
3529,9999.94
3530,9999.94
3531,9999.94
3532,9999.94
3533,9999.94
3534,9999.94
3535,9999.94
3536,9999.94
3537,9999.94
3538,9999.94
3539,9999.94
3540,9999.94
3541,9999.94
3542,9999.94
3543,9999.94
3544,9999.94
3545,9999.94
3546,9999.94
3547,9999.94
3548,9999.94
3549,9999.94
3550,9999.94
3551,9999.94
3552,9999.94
3553,9999.94
3554,9999.94
3555,9999.94
3556,9999.94
3557,9999.94
3558,9999.94
3559,9999.94
3560,9999.94
3561,9999.94
3562,9999.94
3563,9999.94
3564,9999.94
3565,9999.94
3566,9999.94
3567,9999.94
3568,9999.94
3569,9999.94
3570,9999.94
3571,9999.94
3572,9999.94
3573,9999.94
3574,9999.94
3575,9999.94
3576,9999.94
3577,9999.94
3578,9999.94
3579,9999.94
3580,9999.94
3581,9999.94
3582,9999.94
3583,9999.94
3584,9999.94
3585,9999.94
3586,9999.94
3587,9999.94
3588,9999.94
3589,9999.94
3590,9999.94
3591,9999.94
3592,9999.94
3593,9999.94
3594,9999.94
3595,9999.94
3596,9999.94
3597,9999.94
3598,9999.94
3599,9999.94
3600,9999.94
3601,9999.94
3602,9999.94
3603,9999.94
3604,9999.94
3605,9999.94
3606,9999.94
3607,9999.94
3608,9999.94
3609,9999.94
3610,9999.94
3611,9999.94
3612,9999.94
3613,9999.94
3614,9999.94
3615,9999.94
3616,9999.94
3617,9999.94
3618,9999.94
3619,9999.94
3620,9999.94
3621,9999.94
3622,9999.94
3623,9999.94
3624,9999.94
3625,9999.94
3626,9999.94
3627,9999.94
3628,9999.94
3629,9999.94
3630,9999.94
3631,9999.94
3632,9999.94
3633,9999.94
3634,9999.94
3635,9999.94
3636,9999.94
3637,9999.94
3638,9999.94
3639,9999.94
3640,9999.94
3641,9999.94
3642,9999.94
3643,9999.94
3644,9999.94
3645,9999.94
3646,9999.94
3647,9999.94
3648,9999.94
3649,9999.94
3650,9999.94
3651,9999.94
3652,9999.94
3653,9999.94
3654,9999.94
3655,9999.94
3656,9999.94
3657,9999.94
3658,9999.94
3659,9999.94
3660,9999.94
3661,9999.94
3662,9999.94
3663,9999.94
3664,9999.94
3665,9999.94
3666,9999.94
3667,9999.94
3668,9999.94
3669,9999.94
3670,9999.94
3671,9999.94
3672,9999.94
3673,9999.94
3674,9999.94
3675,9999.94
3676,9999.94
3677,9999.94
3678,9999.94
3679,9999.94
3680,9999.94
3681,9999.94
3682,9999.94
3683,9999.94
3684,9999.94
3685,9999.94
3686,9999.94
3687,9999.94
3688,9999.94
3689,9999.94
3690,9999.94
3691,9999.94
3692,9999.94
3693,9999.94
3694,9999.94
3695,9999.94
3696,9999.94
3697,9999.94
3698,9999.94
3699,9999.94
3700,9999.94
3701,9999.94
3702,9999.94
3703,9999.94
3704,9999.94
3705,9999.94
3706,9999.94
3707,9999.94
3708,9999.94
3709,9999.94
3710,9999.94
3711,9999.94
3712,9999.94
3713,9999.94
3714,9999.94
3715,9999.94
3716,9999.94
3717,9999.94
3718,9999.94
3719,9999.94
3720,9999.94
3721,9999.94
3722,9999.94
3723,9999.94
3724,9999.94
3725,9999.94
3726,9999.94
3727,9999.94
3728,9999.94
3729,9999.94
3730,9999.94
3731,9999.94
3732,9999.94
3733,9999.94
3734,9999.94
3735,9999.94
3736,9999.94
3737,9999.94
3738,9999.94
3739,9999.94
3740,9999.94
3741,9999.94
3742,9999.94
3743,9999.94
3744,9999.94
3745,9999.94
3746,9999.94
3747,9999.94
3748,9999.94
3749,9999.94
3750,9999.94
3751,9999.94
3752,9999.94
3753,9999.94
3754,9999.94
3755,9999.94
3756,9999.94
3757,9999.94
3758,9999.94
3759,9999.94
3760,9999.94
3761,9999.94
3762,9999.94
3763,9999.94
3764,9999.94
3765,9999.94
3766,9999.94
3767,9999.94
3768,9999.94
3769,9999.94
3770,9999.94
3771,9999.94
3772,9999.94
3773,9999.94
3774,9999.94
3775,9999.94
3776,9999.94
3777,9999.94
3778,9999.94
3779,9999.94
3780,9999.94
3781,9999.94
3782,9999.94
3783,9999.94
3784,9999.94
3785,9999.94
3786,9999.94
3787,9999.94
3788,9999.94
3789,9999.94
3790,9999.94
3791,9999.94
3792,9999.94
3793,9999.94
3794,9999.94
3795,9999.94
3796,9999.94
3797,9999.94
3798,9999.94
3799,9999.94
3800,9999.94
3801,9999.94
3802,9999.94
3803,9999.94
3804,9999.94
3805,9999.94
3806,9999.94
3807,9999.94
3808,9999.94
3809,9999.94
3810,9999.94
3811,9999.94
3812,9999.94
3813,9999.94
3814,9999.94
3815,9999.94
3816,9999.94
3817,9999.94
3818,9999.94
3819,9999.94
3820,9999.94
3821,9999.94
3822,9999.94
3823,9999.94
3824,9999.94
3825,9999.94
3826,9999.94
3827,9999.94
3828,9999.94
3829,9999.94
3830,9999.94
3831,9999.94
3832,9999.94
3833,9999.94
3834,9999.94
3835,9999.94
3836,9999.94
3837,9999.94
3838,9999.94
3839,9999.94
3840,9999.94
3841,9999.94
3842,9999.94
3843,9999.94
3844,9999.94
3845,9999.94
3846,9999.94
3847,9999.94
3848,9999.94
3849,9999.94
3850,9999.94
3851,9999.94
3852,9999.94
3853,9999.94
3854,9999.94
3855,9999.94
3856,9999.94
3857,9999.94
3858,9999.94
3859,9999.94
3860,9999.94
3861,9999.94
3862,9999.94
3863,9999.94
3864,9999.94
3865,9999.94
3866,9999.94
3867,9999.94
3868,9999.94
3869,9999.94
3870,9999.94
3871,9999.94
3872,9999.94
3873,9999.94
3874,9999.94
3875,9999.94
3876,9999.94
3877,9999.94
3878,9999.94
3879,9999.94
3880,9999.94
3881,9999.94
3882,9999.94
3883,9999.94
3884,9999.94
3885,9999.94
3886,9999.94
3887,9999.94
3888,9999.94
3889,9999.94
3890,9999.94
3891,9999.94
3892,9999.94
3893,9999.94
3894,9999.94
3895,9999.94
3896,9999.94
3897,9999.94
3898,9999.94
3899,9999.94
3900,9999.94
3901,9999.94
3902,9999.94
3903,9999.94
3904,9999.94
3905,9999.94
3906,9999.94
3907,9999.94
3908,9999.94
3909,9999.94
3910,9999.94
3911,9999.94
3912,9999.94
3913,9999.94
3914,9999.94
3915,9999.94
3916,9999.94
3917,9999.94
3918,9999.94
3919,9999.94
3920,9999.94
3921,9999.94
3922,9999.94
3923,9999.94
3924,9999.94
3925,9999.94
3926,9999.94
3927,9999.94
3928,9999.94
3929,9999.94
3930,9999.94
3931,9999.94
3932,9999.94
3933,9999.94
3934,9999.94
3935,9999.94
3936,9999.94
3937,9999.94
3938,9999.94
3939,9999.94
3940,9999.94
3941,9999.94
3942,9999.94
3943,9999.94
3944,9999.94
3945,9999.94
3946,9999.94
3947,9999.94
3948,9999.94
3949,9999.94
3950,9999.94
3951,9999.94
3952,9999.94
3953,9999.94
3954,9999.94
3955,9999.94
3956,9999.94
3957,9999.94
3958,9999.94
3959,9999.94
3960,9999.94
3961,9999.94
3962,9999.94
3963,9999.94
3964,9999.94
3965,9999.94
3966,9999.94
3967,9999.94
3968,9999.94
3969,9999.94
3970,9999.94
3971,9999.94
3972,9999.94
3973,9999.94
3974,9999.94
3975,9999.94
3976,9999.94
3977,9999.94
3978,9999.94
3979,9999.94
3980,9999.94
3981,9999.94
3982,9999.94
3983,9999.94
3984,9999.94
3985,9999.94
3986,9999.94
3987,9999.94
3988,9999.94
3989,9999.94
3990,9999.94
3991,9999.94
3992,9999.94
3993,9999.94
3994,9999.94
3995,9999.94
3996,9999.94
3997,9999.94
3998,9999.94
3999,9999.94
4000,9999.94
4001,9999.94
4002,9999.94
4003,9999.94
4004,9999.94
4005,9999.94
4006,9999.94
4007,9999.94
4008,9999.94
4009,9999.94
4010,9999.94
4011,9999.94
4012,9999.94
4013,9999.94
4014,9999.94
4015,9999.94
4016,9999.94
4017,9999.94
4018,9999.94
4019,9999.94
4020,9999.94
4021,9999.94
4022,9999.94
4023,9999.94
4024,9999.94
4025,9999.94
4026,9999.94
4027,9999.94
4028,9999.94
4029,9999.94
4030,9999.94
4031,9999.94
4032,9999.94
4033,9999.94
4034,9999.94
4035,9999.94
4036,9999.94
4037,9999.94
4038,9999.94
4039,9999.94
4040,9999.94
4041,9999.94
4042,9999.94
4043,9999.94
4044,9999.94
4045,9999.94
4046,9999.94
4047,9999.94
4048,9999.94
4049,9999.94
4050,9999.94
4051,9999.94
4052,9999.94
4053,9999.94
4054,9999.94
4055,9999.94
4056,9999.94
4057,9999.94
4058,9999.94
4059,9999.94
4060,9999.94
4061,9999.94
4062,9999.94
4063,9999.94
4064,9999.94
4065,9999.94
4066,9999.94
4067,9999.94
4068,9999.94
4069,9999.94
4070,9999.94
4071,9999.94
4072,9999.94
4073,9999.94
4074,9999.94
4075,9999.94
4076,9999.94
4077,9999.94
4078,9999.94
4079,9999.94
4080,9999.94
4081,9999.94
4082,9999.94
4083,9999.94
4084,9999.94
4085,9999.94
4086,9999.94
4087,9999.94
4088,9999.94
4089,9999.94
4090,9999.94
4091,9999.94
4092,9999.94
4093,9999.94
4094,9999.94
4095,9999.94
4096,9999.94
4097,9999.94
4098,9999.94
4099,9999.94
4100,9999.94
4101,9999.94
4102,9999.94
4103,9999.94
4104,9999.94
4105,9999.94
4106,9999.94
4107,9999.94
4108,9999.94
4109,9999.94
4110,9999.94
4111,9999.94
4112,9999.94
4113,9999.94
4114,9999.94
4115,9999.94
4116,9999.94
4117,9999.94
4118,9999.94
4119,9999.94
4120,9999.94
4121,9999.94
4122,9999.94
4123,9999.94
4124,9999.94
4125,9999.94
4126,9999.94
4127,9999.94
4128,9999.94
4129,9999.94
4130,9999.94
4131,9999.94
4132,9999.94
4133,9999.94
4134,9999.93
4135,9999.93
4136,9999.93
4137,9999.93
4138,9999.93
4139,9999.93
4140,9999.93
4141,9999.93
4142,9999.93
4143,9999.93
4144,9999.93
4145,9999.93
4146,9999.93
4147,9999.93
4148,9999.93
4149,9999.93
4150,9999.93
4151,9999.93
4152,9999.93
4153,9999.93
4154,9999.93
4155,9999.93
4156,9999.93
4157,9999.93
4158,9999.93
4159,9999.93
4160,9999.93
4161,9999.93
4162,9999.93
4163,9999.93
4164,9999.93
4165,9999.93
4166,9999.93
4167,9999.93
4168,9999.93
4169,9999.93
4170,9999.93
4171,9999.93
4172,9999.93
4173,9999.93
4174,9999.93
4175,9999.93
4176,9999.93
4177,9999.93
4178,9999.93
4179,9999.93
4180,9999.93
4181,9999.93
4182,9999.93
4183,9999.93
4184,9999.93
4185,9999.93
4186,9999.93
4187,9999.93
4188,9999.93
4189,9999.93
4190,9999.93
4191,9999.93
4192,9999.93
4193,9999.93
4194,9999.93
4195,9999.93
4196,9999.93
4197,9999.93
4198,9999.93
4199,9999.93
4200,9999.93
4201,9999.93
4202,9999.93
4203,9999.93
4204,9999.93
4205,9999.93
4206,9999.93
4207,9999.93
4208,9999.93
4209,9999.93
4210,9999.93
4211,9999.93
4212,9999.93
4213,9999.93
4214,9999.93
4215,9999.93
4216,9999.93
4217,9999.93
4218,9999.93
4219,9999.93
4220,9999.93
4221,9999.93
4222,9999.93
4223,9999.93
4224,9999.93
4225,9999.93
4226,9999.93
4227,9999.93
4228,9999.93
4229,9999.93
4230,9999.93
4231,9999.93
4232,9999.93
4233,9999.93
4234,9999.93
4235,9999.93
4236,9999.93
4237,9999.93
4238,9999.93
4239,9999.93
4240,9999.93
4241,9999.93
4242,9999.93
4243,9999.93
4244,9999.93
4245,9999.93
4246,9999.93
4247,9999.93
4248,9999.93
4249,9999.93
4250,9999.93
4251,9999.93
4252,9999.93
4253,9999.93
4254,9999.93
4255,9999.93
4256,9999.93
4257,9999.93
4258,9999.93
4259,9999.93
4260,9999.93
4261,9999.93
4262,9999.93
4263,9999.93
4264,9999.93
4265,9999.93
4266,9999.93
4267,9999.93
4268,9999.93
4269,9999.93
4270,9999.93
4271,9999.93
4272,9999.93
4273,9999.93
4274,9999.93
4275,9999.93
4276,9999.93
4277,9999.93
4278,9999.93
4279,9999.93
4280,9999.93
4281,9999.93
4282,9999.93
4283,9999.93
4284,9999.93
4285,9999.93
4286,9999.93
4287,9999.93
4288,9999.93
4289,9999.93
4290,9999.93
4291,9999.93
4292,9999.93
4293,9999.93
4294,9999.93
4295,9999.93
4296,9999.93
4297,9999.93
4298,9999.93
4299,9999.93
4300,9999.93
4301,9999.93
4302,9999.93
4303,9999.93
4304,9999.93
4305,9999.93
4306,9999.93
4307,9999.93
4308,9999.93
4309,9999.93
4310,9999.93
4311,9999.93
4312,9999.93
4313,9999.93
4314,9999.93
4315,9999.93
4316,9999.93
4317,9999.93
4318,9999.93
4319,9999.93
4320,9999.93
4321,9999.93
4322,9999.93
4323,9999.93
4324,9999.93
4325,9999.93
4326,9999.93
4327,9999.93
4328,9999.93
4329,9999.93
4330,9999.93
4331,9999.93
4332,9999.93
4333,9999.93
4334,9999.93
4335,9999.93
4336,9999.93
4337,9999.93
4338,9999.93
4339,9999.93
4340,9999.93
4341,9999.93
4342,9999.93
4343,9999.93
4344,9999.93
4345,9999.93
4346,9999.93
4347,9999.93
4348,9999.93
4349,9999.93
4350,9999.93
4351,9999.93
4352,9999.93
4353,9999.93
4354,9999.93
4355,9999.93
4356,9999.93
4357,9999.93
4358,9999.93
4359,9999.93
4360,9999.93
4361,9999.93
4362,9999.93
4363,9999.93
4364,9999.93
4365,9999.93
4366,9999.93
4367,9999.93
4368,9999.93
4369,9999.93
4370,9999.93
4371,9999.93
4372,9999.93
4373,9999.93
4374,9999.93
4375,9999.93
4376,9999.93
4377,9999.93
4378,9999.93
4379,9999.93
4380,9999.93
4381,9999.93
4382,9999.93
4383,9999.93
4384,9999.93
4385,9999.93
4386,9999.93
4387,9999.93
4388,9999.93
4389,9999.93
4390,9999.93
4391,9999.93
4392,9999.93
4393,9999.93
4394,9999.93
4395,9999.93
4396,9999.93
4397,9999.93
4398,9999.93
4399,9999.93
4400,9999.93
4401,9999.93
4402,9999.93
4403,9999.93
4404,9999.93
4405,9999.93
4406,9999.93
4407,9999.93
4408,9999.93
4409,9999.93
4410,9999.93
4411,9999.93
4412,9999.93
4413,9999.93
4414,9999.93
4415,9999.93
4416,9999.93
4417,9999.93
4418,9999.93
4419,9999.93
4420,9999.93
4421,9999.93
4422,9999.93
4423,9999.93
4424,9999.93
4425,9999.93
4426,9999.93
4427,9999.93
4428,9999.93
4429,9999.93
4430,9999.93
4431,9999.93
4432,9999.93
4433,9999.93
4434,9999.93
4435,9999.93
4436,9999.93
4437,9999.93
4438,9999.93
4439,9999.93
4440,9999.93
4441,9999.93
4442,9999.93
4443,9999.93
4444,9999.93
4445,9999.93
4446,9999.93
4447,9999.93
4448,9999.93
4449,9999.93
4450,9999.93
4451,9999.93
4452,9999.93
4453,9999.93
4454,9999.93
4455,9999.93
4456,9999.93
4457,9999.93
4458,9999.93
4459,9999.93
4460,9999.93
4461,9999.93
4462,9999.93
4463,9999.93
4464,9999.93
4465,9999.93
4466,9999.93
4467,9999.93
4468,9999.93
4469,9999.93
4470,9999.93
4471,9999.93
4472,9999.93
4473,9999.93
4474,9999.93
4475,9999.93
4476,9999.93
4477,9999.93
4478,9999.93
4479,9999.93
4480,9999.93
4481,9999.93
4482,9999.93
4483,9999.93
4484,9999.93
4485,9999.93
4486,9999.93
4487,9999.93
4488,9999.93
4489,9999.93
4490,9999.93
4491,9999.93
4492,9999.93
4493,9999.93
4494,9999.93
4495,9999.93
4496,9999.93
4497,9999.93
4498,9999.93
4499,9999.93
4500,9999.93
4501,9999.93
4502,9999.93
4503,9999.93
4504,9999.93
4505,9999.93
4506,9999.93
4507,9999.93
4508,9999.93
4509,9999.93
4510,9999.93
4511,9999.93
4512,9999.93
4513,9999.93
4514,9999.93
4515,9999.93
4516,9999.93
4517,9999.93
4518,9999.93
4519,9999.93
4520,9999.93
4521,9999.93
4522,9999.93
4523,9999.93
4524,9999.93
4525,9999.93
4526,9999.93
4527,9999.93
4528,9999.93
4529,9999.93
4530,9999.93
4531,9999.93
4532,9999.93
4533,9999.93
4534,9999.93
4535,9999.93
4536,9999.93
4537,9999.93
4538,9999.93
4539,9999.93
4540,9999.93
4541,9999.93
4542,9999.93
4543,9999.93
4544,9999.93
4545,9999.93
4546,9999.93
4547,9999.93
4548,9999.93
4549,9999.93
4550,9999.93
4551,9999.93
4552,9999.93
4553,9999.93
4554,9999.93
4555,9999.93
4556,9999.93
4557,9999.93
4558,9999.93
4559,9999.93
4560,9999.93
4561,9999.93
4562,9999.93
4563,9999.93
4564,9999.93
4565,9999.93
4566,9999.93
4567,9999.93
4568,9999.93
4569,9999.93
4570,9999.93
4571,9999.93
4572,9999.93
4573,9999.93
4574,9999.93
4575,9999.93
4576,9999.93
4577,9999.93
4578,9999.93
4579,9999.93
4580,9999.93
4581,9999.93
4582,9999.93
4583,9999.93
4584,9999.93
4585,9999.93
4586,9999.93
4587,9999.93
4588,9999.93
4589,9999.93
4590,9999.93
4591,9999.93
4592,9999.93
4593,9999.93
4594,9999.93
4595,9999.93
4596,9999.93
4597,9999.93
4598,9999.93
4599,9999.93
4600,9999.93
4601,9999.93
4602,9999.93
4603,9999.93
4604,9999.93
4605,9999.93
4606,9999.93
4607,9999.93
4608,9999.93
4609,9999.93
4610,9999.93
4611,9999.93
4612,9999.93
4613,9999.93
4614,9999.93
4615,9999.93
4616,9999.93
4617,9999.93
4618,9999.93
4619,9999.93
4620,9999.93
4621,9999.93
4622,9999.93
4623,9999.93
4624,9999.93
4625,9999.93
4626,9999.93
4627,9999.93
4628,9999.93
4629,9999.93
4630,9999.93
4631,9999.93
4632,9999.93
4633,9999.93
4634,9999.93
4635,9999.93
4636,9999.93
4637,9999.93
4638,9999.93
4639,9999.93
4640,9999.93
4641,9999.93
4642,9999.93
4643,9999.93
4644,9999.93
4645,9999.93
4646,9999.93
4647,9999.93
4648,9999.93
4649,9999.93
4650,9999.93
4651,9999.93
4652,9999.93
4653,9999.93
4654,9999.93
4655,9999.93
4656,9999.93
4657,9999.93
4658,9999.93
4659,9999.93
4660,9999.93
4661,9999.93
4662,9999.93
4663,9999.93
4664,9999.93
4665,9999.93
4666,9999.93
4667,9999.93
4668,9999.93
4669,9999.93
4670,9999.93
4671,9999.93
4672,9999.93
4673,9999.93
4674,9999.93
4675,9999.93
4676,9999.93
4677,9999.93
4678,9999.93
4679,9999.93
4680,9999.93
4681,9999.93
4682,9999.93
4683,9999.93
4684,9999.93
4685,9999.93
4686,9999.93
4687,9999.93
4688,9999.93
4689,9999.93
4690,9999.93
4691,9999.93
4692,9999.93
4693,9999.93
4694,9999.93
4695,9999.93
4696,9999.93
4697,9999.93
4698,9999.93
4699,9999.93
4700,9999.93
4701,9999.93
4702,9999.93
4703,9999.93
4704,9999.93
4705,9999.93
4706,9999.93
4707,9999.93
4708,9999.93
4709,9999.93
4710,9999.93
4711,9999.93
4712,9999.93
4713,9999.93
4714,9999.93
4715,9999.93
4716,9999.93
4717,9999.93
4718,9999.93
4719,9999.93
4720,9999.93
4721,9999.93
4722,9999.93
4723,9999.93
4724,9999.93
4725,9999.93
4726,9999.93
4727,9999.93
4728,9999.93
4729,9999.93
4730,9999.93
4731,9999.93
4732,9999.93
4733,9999.93
4734,9999.93
4735,9999.93
4736,9999.93
4737,9999.93
4738,9999.93
4739,9999.93
4740,9999.93
4741,9999.93
4742,9999.93
4743,9999.93
4744,9999.93
4745,9999.93
4746,9999.93
4747,9999.93
4748,9999.93
4749,9999.93
4750,9999.93
4751,9999.93
4752,9999.93
4753,9999.93
4754,9999.93
4755,9999.93
4756,9999.93
4757,9999.93
4758,9999.93
4759,9999.93
4760,9999.93
4761,9999.93
4762,9999.93
4763,9999.93
4764,9999.93
4765,9999.93
4766,9999.93
4767,9999.93
4768,9999.93
4769,9999.93
4770,9999.93
4771,9999.93
4772,9999.93
4773,9999.93
4774,9999.93
4775,9999.93
4776,9999.93
4777,9999.93
4778,9999.93
4779,9999.93
4780,9999.93
4781,9999.93
4782,9999.93
4783,9999.93
4784,9999.93
4785,9999.93
4786,9999.93
4787,9999.93
4788,9999.93
4789,9999.93
4790,9999.93
4791,9999.93
4792,9999.93
4793,9999.93
4794,9999.93
4795,9999.93
4796,9999.93
4797,9999.93
4798,9999.93
4799,9999.93
4800,9999.93
4801,9999.93
4802,9999.93
4803,9999.93
4804,9999.93
4805,9999.93
4806,9999.93
4807,9999.93
4808,9999.93
4809,9999.93
4810,9999.93
4811,9999.93
4812,9999.93
4813,9999.93
4814,9999.93
4815,9999.93
4816,9999.93
4817,9999.93
4818,9999.93
4819,9999.93
4820,9999.93
4821,9999.93
4822,9999.93
4823,9999.93
4824,9999.93
4825,9999.93
4826,9999.93
4827,9999.93
4828,9999.93
4829,9999.93
4830,9999.93
4831,9999.93
4832,9999.93
4833,9999.93
4834,9999.93
4835,9999.93
4836,9999.93
4837,9999.93
4838,9999.93
4839,9999.93
4840,9999.93
4841,9999.93
4842,9999.93
4843,9999.93
4844,9999.93
4845,9999.93
4846,9999.93
4847,9999.93
4848,9999.93
4849,9999.93
4850,9999.93
4851,9999.93
4852,9999.93
4853,9999.93
4854,9999.93
4855,9999.93
4856,9999.93
4857,9999.93
4858,9999.93
4859,9999.93
4860,9999.93
4861,9999.93
4862,9999.93
4863,9999.93
4864,9999.93
4865,9999.93
4866,9999.93
4867,9999.93
4868,9999.93
4869,9999.93
4870,9999.93
4871,9999.93
4872,9999.93
4873,9999.93
4874,9999.93
4875,9999.93
4876,9999.93
4877,9999.93
4878,9999.93
4879,9999.93
4880,9999.93
4881,9999.93
4882,9999.93
4883,9999.93
4884,9999.93
4885,9999.93
4886,9999.93
4887,9999.93
4888,9999.93
4889,9999.93
4890,9999.93
4891,9999.93
4892,9999.93
4893,9999.93
4894,9999.93
4895,9999.93
4896,9999.93
4897,9999.93
4898,9999.93
4899,9999.93
4900,9999.93
4901,9999.93
4902,9999.93
4903,9999.93
4904,9999.93
4905,9999.93
4906,9999.93
4907,9999.93
4908,9999.93
4909,9999.93
4910,9999.93
4911,9999.93
4912,9999.93
4913,9999.93
4914,9999.93
4915,9999.93
4916,9999.93
4917,9999.93
4918,9999.93
4919,9999.93
4920,9999.93
4921,9999.93
4922,9999.93
4923,9999.93
4924,9999.93
4925,9999.93
4926,9999.93
4927,9999.93
4928,9999.93
4929,9999.93
4930,9999.93
4931,9999.93
4932,9999.93
4933,9999.93
4934,9999.93
4935,9999.93
4936,9999.93
4937,9999.93
4938,9999.93
4939,9999.93
4940,9999.93
4941,9999.93
4942,9999.93
4943,9999.93
4944,9999.93
4945,9999.93
4946,9999.93
4947,9999.93
4948,9999.93
4949,9999.93
4950,9999.93
4951,9999.93
4952,9999.93
4953,9999.93
4954,9999.93
4955,9999.93
4956,9999.93
4957,9999.93
4958,9999.93
4959,9999.93
4960,9999.93
4961,9999.93
4962,9999.93
4963,9999.93
4964,9999.93
4965,9999.93
4966,9999.93
4967,9999.93
4968,9999.93
4969,9999.93
4970,9999.93
4971,9999.93
4972,9999.93
4973,9999.93
4974,9999.93
4975,9999.93
4976,9999.93
4977,9999.93
4978,9999.93
4979,9999.93
4980,9999.93
4981,9999.93
4982,9999.93
4983,9999.93
4984,9999.93
4985,9999.93
4986,9999.93
4987,9999.93
4988,9999.93
4989,9999.93
4990,9999.93
4991,9999.93
4992,9999.93
4993,9999.93
4994,9999.93
4995,9999.93
4996,9999.93
4997,9999.93
4998,9999.93
4999,9999.93
5000,9999.93
5001,9999.93
5002,9999.93
5003,9999.93
5004,9999.93
5005,9999.93
5006,9999.93
5007,9999.93
5008,9999.93
5009,9999.93
5010,9999.93
5011,9999.93
5012,9999.93
5013,9999.93
5014,9999.93
5015,9999.93
5016,9999.93
5017,9999.93
5018,9999.93
5019,9999.93
5020,9999.93
5021,9999.93
5022,9999.93
5023,9999.93
5024,9999.93
5025,9999.93
5026,9999.93
5027,9999.93
5028,9999.93
5029,9999.93
5030,9999.93
5031,9999.93
5032,9999.93
5033,9999.93
5034,9999.93
5035,9999.93
5036,9999.93
5037,9999.93
5038,9999.93
5039,9999.93
5040,9999.93
5041,9999.93
5042,9999.93
5043,9999.93
5044,9999.93
5045,9999.93
5046,9999.93
5047,9999.93
5048,9999.93
5049,9999.93
5050,9999.93
5051,9999.93
5052,9999.93
5053,9999.93
5054,9999.93
5055,9999.93
5056,9999.93
5057,9999.93
5058,9999.93
5059,9999.93
5060,9999.93
5061,9999.93
5062,9999.93
5063,9999.93
5064,9999.93
5065,9999.93
5066,9999.93
5067,9999.93
5068,9999.93
5069,9999.93
5070,9999.93
5071,9999.93
5072,9999.93
5073,9999.93
5074,9999.93
5075,9999.93
5076,9999.93
5077,9999.93
5078,9999.93
5079,9999.93
5080,9999.93
5081,9999.93
5082,9999.93
5083,9999.93
5084,9999.93
5085,9999.93
5086,9999.93
5087,9999.93
5088,9999.93
5089,9999.93
5090,9999.93
5091,9999.93
5092,9999.93
5093,9999.93
5094,9999.93
5095,9999.93
5096,9999.93
5097,9999.93
5098,9999.93
5099,9999.93
5100,9999.93
5101,9999.93
5102,9999.93
5103,9999.93
5104,9999.93
5105,9999.93
5106,9999.93
5107,9999.93
5108,9999.93
5109,9999.93
5110,9999.93
5111,9999.93
5112,9999.93
5113,9999.93
5114,9999.93
5115,9999.93
5116,9999.93
5117,9999.93
5118,9999.93
5119,9999.93
5120,9999.93
5121,9999.93
5122,9999.93
5123,9999.93
5124,9999.93
5125,9999.93
5126,9999.93
5127,9999.93
5128,9999.93
5129,9999.93
5130,9999.93
5131,9999.93
5132,9999.93
5133,9999.93
5134,9999.93
5135,9999.93
5136,9999.93
5137,9999.93
5138,9999.93
5139,9999.93
5140,9999.93
5141,9999.93
5142,9999.93
5143,9999.93
5144,9999.93
5145,9999.93
5146,9999.93
5147,9999.93
5148,9999.93
5149,9999.93
5150,9999.93
5151,9999.93
5152,9999.93
5153,9999.93
5154,9999.93
5155,9999.93
5156,9999.93
5157,9999.93
5158,9999.93
5159,9999.93
5160,9999.93
5161,9999.93
5162,9999.93
5163,9999.93
5164,9999.93
5165,9999.93
5166,9999.93
5167,9999.93
5168,9999.93
5169,9999.93
5170,9999.93
5171,9999.93
5172,9999.93
5173,9999.93
5174,9999.93
5175,9999.93
5176,9999.93
5177,9999.93
5178,9999.93
5179,9999.93
5180,9999.93
5181,9999.93
5182,9999.93
5183,9999.93
5184,9999.93
5185,9999.93
5186,9999.93
5187,9999.93
5188,9999.93
5189,9999.93
5190,9999.93
5191,9999.93
5192,9999.93
5193,9999.93
5194,9999.93
5195,9999.93
5196,9999.93
5197,9999.93
5198,9999.93
5199,9999.93
5200,9999.93
5201,9999.93
5202,9999.93
5203,9999.93
5204,9999.93
5205,9999.93
5206,9999.93
5207,9999.93
5208,9999.93
5209,9999.93
5210,9999.93
5211,9999.93
5212,9999.93
5213,9999.93
5214,9999.93
5215,9999.93
5216,9999.93
5217,9999.93
5218,9999.93
5219,9999.93
5220,9999.93
5221,9999.93
5222,9999.93
5223,9999.93
5224,9999.93
5225,9999.93
5226,9999.93
5227,9999.93
5228,9999.93
5229,9999.93
5230,9999.93
5231,9999.93
5232,9999.93
5233,9999.93
5234,9999.93
5235,9999.93
5236,9999.93
5237,9999.93
5238,9999.93
5239,9999.93
5240,9999.93
5241,9999.93
5242,9999.93
5243,9999.93
5244,9999.93
5245,9999.93
5246,9999.93
5247,9999.93
5248,9999.93
5249,9999.93
5250,9999.93
5251,9999.93
5252,9999.93
5253,9999.93
5254,9999.93
5255,9999.93
5256,9999.93
5257,9999.93
5258,9999.93
5259,9999.93
5260,9999.93
5261,9999.93
5262,9999.93
5263,9999.93
5264,9999.93
5265,9999.93
5266,9999.93
5267,9999.93
5268,9999.93
5269,9999.93
5270,9999.93
5271,9999.93
5272,9999.93
5273,9999.93
5274,9999.93
5275,9999.93
5276,9999.93
5277,9999.93
5278,9999.93
5279,9999.93
5280,9999.93
5281,9999.93
5282,9999.93
5283,9999.93
5284,9999.93
5285,9999.93
5286,9999.93
5287,9999.93
5288,9999.93
5289,9999.93
5290,9999.93
5291,9999.93
5292,9999.93
5293,9999.93
5294,9999.93
5295,9999.93
5296,9999.93
5297,9999.93
5298,9999.93
5299,9999.93
5300,9999.93
5301,9999.93
5302,9999.93
5303,9999.93
5304,9999.93
5305,9999.93
5306,9999.93
5307,9999.93
5308,9999.93
5309,9999.93
5310,9999.93
5311,9999.93
5312,9999.93
5313,9999.93
5314,9999.93
5315,9999.93
5316,9999.93
5317,9999.93
5318,9999.93
5319,9999.93
5320,9999.93
5321,9999.93
5322,9999.93
5323,9999.93
5324,9999.93
5325,9999.93
5326,9999.93
5327,9999.93
5328,9999.93
5329,9999.93
5330,9999.93
5331,9999.93
5332,9999.93
5333,9999.93
5334,9999.93
5335,9999.93
5336,9999.93
5337,9999.93
5338,9999.93
5339,9999.93
5340,9999.93
5341,9999.93
5342,9999.93
5343,9999.93
5344,9999.93
5345,9999.93
5346,9999.93
5347,9999.93
5348,9999.93
5349,9999.93
5350,9999.93
5351,9999.93
5352,9999.93
5353,9999.93
5354,9999.93
5355,9999.93
5356,9999.93
5357,9999.93
5358,9999.93
5359,9999.93
5360,9999.93
5361,9999.93
5362,9999.93
5363,9999.93
5364,9999.93
5365,9999.93
5366,9999.93
5367,9999.93
5368,9999.93
5369,9999.93
5370,9999.93
5371,9999.93
5372,9999.93
5373,9999.93
5374,9999.93
5375,9999.93
5376,9999.93
5377,9999.93
5378,9999.93
5379,9999.93
5380,9999.93
5381,9999.93
5382,9999.93
5383,9999.93
5384,9999.93
5385,9999.93
5386,9999.93
5387,9999.93
5388,9999.93
5389,9999.93
5390,9999.93
5391,9999.93
5392,9999.93
5393,9999.93
5394,9999.93
5395,9999.93
5396,9999.93
5397,9999.93
5398,9999.93
5399,9999.93
5400,9999.93
5401,9999.93
5402,9999.93
5403,9999.93
5404,9999.93
5405,9999.93
5406,9999.93
5407,9999.93
5408,9999.93
5409,9999.93
5410,9999.93
5411,9999.93
5412,9999.93
5413,9999.93
5414,9999.93
5415,9999.93
5416,9999.93
5417,9999.93
5418,9999.93
5419,9999.93
5420,9999.93
5421,9999.93
5422,9999.93
5423,9999.93
5424,9999.93
5425,9999.93
5426,9999.93
5427,9999.93
5428,9999.93
5429,9999.93
5430,9999.93
5431,9999.93
5432,9999.93
5433,9999.93
5434,9999.93
5435,9999.93
5436,9999.93
5437,9999.93
5438,9999.93
5439,9999.93
5440,9999.93
5441,9999.93
5442,9999.93
5443,9999.93
5444,9999.93
5445,9999.93
5446,9999.93
5447,9999.93
5448,9999.93
5449,9999.93
5450,9999.93
5451,9999.93
5452,9999.93
5453,9999.93
5454,9999.93
5455,9999.93
5456,9999.93
5457,9999.93
5458,9999.93
5459,9999.93
5460,9999.93
5461,9999.93
5462,9999.93
5463,9999.93
5464,9999.93
5465,9999.93
5466,9999.93
5467,9999.93
5468,9999.93
5469,9999.93
5470,9999.93
5471,9999.93
5472,9999.93
5473,9999.93
5474,9999.93
5475,9999.93
5476,9999.93
5477,9999.93
5478,9999.93
5479,9999.93
5480,9999.93
5481,9999.93
5482,9999.93
5483,9999.93
5484,9999.93
5485,9999.93
5486,9999.93
5487,9999.93
5488,9999.93
5489,9999.93
5490,9999.93
5491,9999.93
5492,9999.93
5493,9999.93
5494,9999.93
5495,9999.93
5496,9999.93
5497,9999.93
5498,9999.93
5499,9999.93
5500,9999.93
5501,9999.93
5502,9999.93
5503,9999.93
5504,9999.93
5505,9999.93
5506,9999.93
5507,9999.93
5508,9999.93
5509,9999.93
5510,9999.93
5511,9999.93
5512,9999.93
5513,9999.93
5514,9999.93
5515,9999.93
5516,9999.93
5517,9999.93
5518,9999.93
5519,9999.93
5520,9999.93
5521,9999.93
5522,9999.93
5523,9999.93
5524,9999.93
5525,9999.93
5526,9999.93
5527,9999.93
5528,9999.93
5529,9999.93
5530,9999.93
5531,9999.93
5532,9999.93
5533,9999.93
5534,9999.93
5535,9999.93
5536,9999.93
5537,9999.93
5538,9999.93
5539,9999.93
5540,9999.93
5541,9999.93
5542,9999.93
5543,9999.93
5544,9999.93
5545,9999.93
5546,9999.93
5547,9999.93
5548,9999.93
5549,9999.93
5550,9999.93
5551,9999.93
5552,9999.93
5553,9999.93
5554,9999.93
5555,9999.93
5556,9999.93
5557,9999.93
5558,9999.93
5559,9999.93
5560,9999.93
5561,9999.93
5562,9999.93
5563,9999.93
5564,9999.93
5565,9999.93
5566,9999.93
5567,9999.93
5568,9999.93
5569,9999.93
5570,9999.93
5571,9999.93
5572,9999.93
5573,9999.93
5574,9999.93
5575,9999.93
5576,9999.93
5577,9999.93
5578,9999.93
5579,9999.93
5580,9999.93
5581,9999.93
5582,9999.93
5583,9999.93
5584,9999.93
5585,9999.93
5586,9999.93
5587,9999.93
5588,9999.93
5589,9999.93
5590,9999.93
5591,9999.93
5592,9999.93
5593,9999.93
5594,9999.93
5595,9999.93
5596,9999.93
5597,9999.93
5598,9999.93
5599,9999.93
5600,9999.93
5601,9999.93
5602,9999.93
5603,9999.93
5604,9999.93
5605,9999.93
5606,9999.93
5607,9999.93
5608,9999.93
5609,9999.93
5610,9999.93
5611,9999.93
5612,9999.93
5613,9999.93
5614,9999.93
5615,9999.93
5616,9999.93
5617,9999.93
5618,9999.93
5619,9999.93
5620,9999.93
5621,9999.93
5622,9999.93
5623,9999.93
5624,9999.93
5625,9999.93
5626,9999.93
5627,9999.93
5628,9999.93
5629,9999.93
5630,9999.93
5631,9999.93
5632,9999.93
5633,9999.93
5634,9999.93
5635,9999.93
5636,9999.93
5637,9999.93
5638,9999.93
5639,9999.93
5640,9999.93
5641,9999.93
5642,9999.93
5643,9999.93
5644,9999.93
5645,9999.93
5646,9999.93
5647,9999.93
5648,9999.93
5649,9999.93
5650,9999.93
5651,9999.93
5652,9999.93
5653,9999.93
5654,9999.93
5655,9999.93
5656,9999.93
5657,9999.93
5658,9999.93
5659,9999.93
5660,9999.93
5661,9999.93
5662,9999.93
5663,9999.93
5664,9999.93
5665,9999.93
5666,9999.93
5667,9999.93
5668,9999.93
5669,9999.93
5670,9999.93
5671,9999.93
5672,9999.93
5673,9999.93
5674,9999.93
5675,9999.93
5676,9999.93
5677,9999.93
5678,9999.93
5679,9999.93
5680,9999.93
5681,9999.93
5682,9999.93
5683,9999.93
5684,9999.93
5685,9999.93
5686,9999.93
5687,9999.93
5688,9999.93
5689,9999.93
5690,9999.93
5691,9999.93
5692,9999.93
5693,9999.93
5694,9999.93
5695,9999.93
5696,9999.93
5697,9999.93
5698,9999.93
5699,9999.93
5700,9999.93
5701,9999.93
5702,9999.93
5703,9999.93
5704,9999.93
5705,9999.93
5706,9999.93
5707,9999.93
5708,9999.93
5709,9999.93
5710,9999.93
5711,9999.93
5712,9999.93
5713,9999.93
5714,9999.93
5715,9999.93
5716,9999.93
5717,9999.93
5718,9999.93
5719,9999.93
5720,9999.93
5721,9999.93
5722,9999.93
5723,9999.93
5724,9999.93
5725,9999.93
5726,9999.93
5727,9999.93
5728,9999.93
5729,9999.93
5730,9999.93
5731,9999.93
5732,9999.93
5733,9999.93
5734,9999.93
5735,9999.93
5736,9999.93
5737,9999.93
5738,9999.93
5739,9999.93
5740,9999.93
5741,9999.93
5742,9999.93
5743,9999.93
5744,9999.93
5745,9999.93
5746,9999.93
5747,9999.93
5748,9999.93
5749,9999.93
5750,9999.93
5751,9999.93
5752,9999.93
5753,9999.93
5754,9999.93
5755,9999.93
5756,9999.93
5757,9999.93
5758,9999.93
5759,9999.93
5760,9999.93
5761,9999.93
5762,9999.93
5763,9999.93
5764,9999.93
5765,9999.93
5766,9999.93
5767,9999.93
5768,9999.93
5769,9999.93
5770,9999.93
5771,9999.93
5772,9999.93
5773,9999.93
5774,9999.93
5775,9999.93
5776,9999.93
5777,9999.93
5778,9999.93
5779,9999.93
5780,9999.93
5781,9999.93
5782,9999.93
5783,9999.93
5784,9999.93
5785,9999.93
5786,9999.93
5787,9999.93
5788,9999.93
5789,9999.93
5790,9999.93
5791,9999.93
5792,9999.93
5793,9999.93
5794,9999.93
5795,9999.93
5796,9999.93
5797,9999.93
5798,9999.93
5799,9999.93
5800,9999.93
5801,9999.93
5802,9999.93
5803,9999.93
5804,9999.93
5805,9999.93
5806,9999.93
5807,9999.93
5808,9999.93
5809,9999.93
5810,9999.93
5811,9999.93
5812,9999.93
5813,9999.93
5814,9999.93
5815,9999.93
5816,9999.93
5817,9999.93
5818,9999.93
5819,9999.93
5820,9999.93
5821,9999.93
5822,9999.93
5823,9999.93
5824,9999.93
5825,9999.93
5826,9999.93
5827,9999.93
5828,9999.93
5829,9999.93
5830,9999.93
5831,9999.93
5832,9999.93
5833,9999.93
5834,9999.93
5835,9999.93
5836,9999.93
5837,9999.93
5838,9999.93
5839,9999.93
5840,9999.93
5841,9999.93
5842,9999.93
5843,9999.93
5844,9999.93
5845,9999.93
5846,9999.93
5847,9999.93
5848,9999.93
5849,9999.93
5850,9999.93
5851,9999.93
5852,9999.93
5853,9999.93
5854,9999.93
5855,9999.93
5856,9999.93
5857,9999.93
5858,9999.93
5859,9999.93
5860,9999.93
5861,9999.93
5862,9999.93
5863,9999.93
5864,9999.93
5865,9999.93
5866,9999.93
5867,9999.93
5868,9999.93
5869,9999.93
5870,9999.93
5871,9999.93
5872,9999.93
5873,9999.93
5874,9999.93
5875,9999.93
5876,9999.93
5877,9999.93
5878,9999.93
5879,9999.93
5880,9999.93
5881,9999.93
5882,9999.93
5883,9999.93
5884,9999.93
5885,9999.93
5886,9999.93
5887,9999.93
5888,9999.93
5889,9999.93
5890,9999.93
5891,9999.93
5892,9999.93
5893,9999.93
5894,9999.93
5895,9999.93
5896,9999.93
5897,9999.93
5898,9999.93
5899,9999.93
5900,9999.93
5901,9999.93
5902,9999.93
5903,9999.93
5904,9999.93
5905,9999.93
5906,9999.93
5907,9999.93
5908,9999.93
5909,9999.93
5910,9999.93
5911,9999.93
5912,9999.93
5913,9999.93
5914,9999.93
5915,9999.93
5916,9999.93
5917,9999.93
5918,9999.93
5919,9999.93
5920,9999.93
5921,9999.93
5922,9999.93
5923,9999.93
5924,9999.93
5925,9999.93
5926,9999.93
5927,9999.93
5928,9999.93
5929,9999.93
5930,9999.93
5931,9999.93
5932,9999.93
5933,9999.93
5934,9999.93
5935,9999.93
5936,9999.93
5937,9999.93
5938,9999.93
5939,9999.93
5940,9999.93
5941,9999.93
5942,9999.93
5943,9999.93
5944,9999.93
5945,9999.93
5946,9999.93
5947,9999.93
5948,9999.93
5949,9999.93
5950,9999.93
5951,9999.93
5952,9999.93
5953,9999.93
5954,9999.93
5955,9999.93
5956,9999.93
5957,9999.93
5958,9999.93
5959,9999.93
5960,9999.93
5961,9999.93
5962,9999.93
5963,9999.93
5964,9999.93
5965,9999.93
5966,9999.93
5967,9999.93
5968,9999.93
5969,9999.93
5970,9999.93
5971,9999.93
5972,9999.93
5973,9999.93
5974,9999.93
5975,9999.93
5976,9999.93
5977,9999.93
5978,9999.93
5979,9999.93
5980,9999.93
5981,9999.93
5982,9999.93
5983,9999.93
5984,9999.93
5985,9999.93
5986,9999.93
5987,9999.93
5988,9999.93
5989,9999.93
5990,9999.93
5991,9999.93
5992,9999.93
5993,9999.93
5994,9999.93
5995,9999.93
5996,9999.93
5997,9999.93
5998,9999.93
5999,9999.93
6000,9999.93
6001,9999.93
6002,9999.93
6003,9999.93
6004,9999.93
6005,9999.93
6006,9999.93
6007,9999.93
6008,9999.93
6009,9999.93
6010,9999.93
6011,9999.93
6012,9999.93
6013,9999.93
6014,9999.93
6015,9999.93
6016,9999.93
6017,9999.93
6018,9999.93
6019,9999.93
6020,9999.93
6021,9999.93
6022,9999.93
6023,9999.93
6024,9999.93
6025,9999.93
6026,9999.93
6027,9999.93
6028,9999.93
6029,9999.93
6030,9999.93
6031,9999.93
6032,9999.93
6033,9999.93
6034,9999.93
6035,9999.93
6036,9999.93
6037,9999.93
6038,9999.93
6039,9999.93
6040,9999.93
6041,9999.93
6042,9999.93
6043,9999.93
6044,9999.93
6045,9999.93
6046,9999.93
6047,9999.93
6048,9999.93
6049,9999.93
6050,9999.93
6051,9999.93
6052,9999.93
6053,9999.93
6054,9999.93
6055,9999.93
6056,9999.93
6057,9999.93
6058,9999.93
6059,9999.93
6060,9999.93
6061,9999.93
6062,9999.93
6063,9999.93
6064,9999.93
6065,9999.93
6066,9999.93
6067,9999.93
6068,9999.93
6069,9999.93
6070,9999.93
6071,9999.93
6072,9999.93
6073,9999.93
6074,9999.93
6075,9999.93
6076,9999.93
6077,9999.93
6078,9999.93
6079,9999.93
6080,9999.93
6081,9999.93
6082,9999.93
6083,9999.93
6084,9999.93
6085,9999.93
6086,9999.93
6087,9999.93
6088,9999.93
6089,9999.93
6090,9999.93
6091,9999.93
6092,9999.93
6093,9999.93
6094,9999.93
6095,9999.93
6096,9999.93
6097,9999.93
6098,9999.93
6099,9999.93
6100,9999.93
6101,9999.93
6102,9999.93
6103,9999.93
6104,9999.93
6105,9999.93
6106,9999.93
6107,9999.93
6108,9999.93
6109,9999.93
6110,9999.93
6111,9999.93
6112,9999.93
6113,9999.93
6114,9999.93
6115,9999.93
6116,9999.93
6117,9999.93
6118,9999.93
6119,9999.93
6120,9999.93
6121,9999.93
6122,9999.93
6123,9999.93
6124,9999.93
6125,9999.93
6126,9999.93
6127,9999.93
6128,9999.93
6129,9999.93
6130,9999.93
6131,9999.93
6132,9999.93
6133,9999.93
6134,9999.93
6135,9999.93
6136,9999.93
6137,9999.93
6138,9999.93
6139,9999.93
6140,9999.93
6141,9999.93
6142,9999.93
6143,9999.93
6144,9999.93
6145,9999.93
6146,9999.93
6147,9999.93
6148,9999.93
6149,9999.93
6150,9999.93
6151,9999.93
6152,9999.93
6153,9999.93
6154,9999.93
6155,9999.92
6156,9999.92
6157,9999.92
6158,9999.92
6159,9999.92
6160,9999.92
6161,9999.92
6162,9999.92
6163,9999.92
6164,9999.92
6165,9999.92
6166,9999.92
6167,9999.92
6168,9999.92
6169,9999.92
6170,9999.92
6171,9999.92
6172,9999.92
6173,9999.92
6174,9999.92
6175,9999.92
6176,9999.92
6177,9999.92
6178,9999.92
6179,9999.92
6180,9999.92
6181,9999.92
6182,9999.92
6183,9999.92
6184,9999.92
6185,9999.92
6186,9999.92
6187,9999.92
6188,9999.92
6189,9999.92
6190,9999.92
6191,9999.92
6192,9999.92
6193,9999.92
6194,9999.92
6195,9999.92
6196,9999.92
6197,9999.92
6198,9999.92
6199,9999.92
6200,9999.92
6201,9999.92
6202,9999.92
6203,9999.92
6204,9999.92
6205,9999.92
6206,9999.92
6207,9999.92
6208,9999.92
6209,9999.92
6210,9999.92
6211,9999.92
6212,9999.92
6213,9999.92
6214,9999.92
6215,9999.92
6216,9999.92
6217,9999.92
6218,9999.92
6219,9999.92
6220,9999.92
6221,9999.92
6222,9999.92
6223,9999.92
6224,9999.92
6225,9999.92
6226,9999.92
6227,9999.92
6228,9999.92
6229,9999.92
6230,9999.92
6231,9999.92
6232,9999.92
6233,9999.92
6234,9999.92
6235,9999.92
6236,9999.92
6237,9999.92
6238,9999.92
6239,9999.92
6240,9999.92
6241,9999.92
6242,9999.92
6243,9999.92
6244,9999.92
6245,9999.92
6246,9999.92
6247,9999.92
6248,9999.92
6249,9999.92
6250,9999.92
6251,9999.92
6252,9999.92
6253,9999.92
6254,9999.92
6255,9999.92
6256,9999.92
6257,9999.92
6258,9999.92
6259,9999.92
6260,9999.92
6261,9999.92
6262,9999.92
6263,9999.92
6264,9999.92
6265,9999.92
6266,9999.92
6267,9999.92
6268,9999.92
6269,9999.92
6270,9999.92
6271,9999.92
6272,9999.92
6273,9999.92
6274,9999.92
6275,9999.92
6276,9999.92
6277,9999.92
6278,9999.92
6279,9999.92
6280,9999.92
6281,9999.92
6282,9999.92
6283,9999.92
6284,9999.92
6285,9999.92
6286,9999.92
6287,9999.92
6288,9999.92
6289,9999.92
6290,9999.92
6291,9999.92
6292,9999.92
6293,9999.92
6294,9999.92
6295,9999.92
6296,9999.92
6297,9999.92
6298,9999.92
6299,9999.92
6300,9999.92
6301,9999.92
6302,9999.92
6303,9999.92
6304,9999.92
6305,9999.92
6306,9999.92
6307,9999.92
6308,9999.92
6309,9999.92
6310,9999.92
6311,9999.92
6312,9999.92
6313,9999.92
6314,9999.92
6315,9999.92
6316,9999.92
6317,9999.92
6318,9999.92
6319,9999.92
6320,9999.92
6321,9999.92
6322,9999.92
6323,9999.92
6324,9999.92
6325,9999.92
6326,9999.92
6327,9999.92
6328,9999.92
6329,9999.92
6330,9999.92
6331,9999.92
6332,9999.92
6333,9999.92
6334,9999.92
6335,9999.92
6336,9999.92
6337,9999.92
6338,9999.92
6339,9999.92
6340,9999.92
6341,9999.92
6342,9999.92
6343,9999.92
6344,9999.92
6345,9999.92
6346,9999.92
6347,9999.92
6348,9999.92
6349,9999.92
6350,9999.92
6351,9999.92
6352,9999.92
6353,9999.92
6354,9999.92
6355,9999.92
6356,9999.92
6357,9999.92
6358,9999.92
6359,9999.92
6360,9999.92
6361,9999.92
6362,9999.92
6363,9999.92
6364,9999.92
6365,9999.92
6366,9999.92
6367,9999.92
6368,9999.92
6369,9999.92
6370,9999.92
6371,9999.92
6372,9999.92
6373,9999.92
6374,9999.92
6375,9999.92
6376,9999.92
6377,9999.92
6378,9999.92
6379,9999.92
6380,9999.92
6381,9999.92
6382,9999.92
6383,9999.92
6384,9999.92
6385,9999.92
6386,9999.92
6387,9999.92
6388,9999.92
6389,9999.92
6390,9999.92
6391,9999.92
6392,9999.92
6393,9999.92
6394,9999.92
6395,9999.92
6396,9999.92
6397,9999.92
6398,9999.92
6399,9999.92
6400,9999.92
6401,9999.92
6402,9999.92
6403,9999.92
6404,9999.92
6405,9999.92
6406,9999.92
6407,9999.92
6408,9999.92
6409,9999.92
6410,9999.92
6411,9999.92
6412,9999.92
6413,9999.92
6414,9999.92
6415,9999.92
6416,9999.92
6417,9999.92
6418,9999.92
6419,9999.92
6420,9999.92
6421,9999.92
6422,9999.92
6423,9999.92
6424,9999.92
6425,9999.92
6426,9999.92
6427,9999.92
6428,9999.92
6429,9999.92
6430,9999.92
6431,9999.92
6432,9999.92
6433,9999.92
6434,9999.92
6435,9999.92
6436,9999.92
6437,9999.92
6438,9999.92
6439,9999.92
6440,9999.92
6441,9999.92
6442,9999.92
6443,9999.92
6444,9999.92
6445,9999.92
6446,9999.92
6447,9999.92
6448,9999.92
6449,9999.92
6450,9999.92
6451,9999.92
6452,9999.92
6453,9999.92
6454,9999.92
6455,9999.92
6456,9999.92
6457,9999.92
6458,9999.92
6459,9999.92
6460,9999.92
6461,9999.92
6462,9999.92
6463,9999.92
6464,9999.92
6465,9999.92
6466,9999.92
6467,9999.92
6468,9999.92
6469,9999.92
6470,9999.92
6471,9999.92
6472,9999.92
6473,9999.92
6474,9999.92
6475,9999.92
6476,9999.92
6477,9999.92
6478,9999.92
6479,9999.92
6480,9999.92
6481,9999.92
6482,9999.92
6483,9999.92
6484,9999.92
6485,9999.92
6486,9999.92
6487,9999.92
6488,9999.92
6489,9999.92
6490,9999.92
6491,9999.92
6492,9999.92
6493,9999.92
6494,9999.92
6495,9999.92
6496,9999.92
6497,9999.92
6498,9999.92
6499,9999.92
6500,9999.92
6501,9999.92
6502,9999.92
6503,9999.92
6504,9999.92
6505,9999.92
6506,9999.92
6507,9999.92
6508,9999.92
6509,9999.92
6510,9999.92
6511,9999.92
6512,9999.92
6513,9999.92
6514,9999.92
6515,9999.92
6516,9999.92
6517,9999.92
6518,9999.92
6519,9999.92
6520,9999.92
6521,9999.92
6522,9999.92
6523,9999.92
6524,9999.92
6525,9999.92
6526,9999.92
6527,9999.92
6528,9999.92
6529,9999.92
6530,9999.92
6531,9999.92
6532,9999.92
6533,9999.92
6534,9999.92
6535,9999.92
6536,9999.92
6537,9999.92
6538,9999.92
6539,9999.92
6540,9999.92
6541,9999.92
6542,9999.92
6543,9999.92
6544,9999.92
6545,9999.92
6546,9999.92
6547,9999.92
6548,9999.92
6549,9999.92
6550,9999.92
6551,9999.92
6552,9999.92
6553,9999.92
6554,9999.92
6555,9999.92
6556,9999.92
6557,9999.92
6558,9999.92
6559,9999.92
6560,9999.92
6561,9999.92
6562,9999.92
6563,9999.92
6564,9999.92
6565,9999.92
6566,9999.92
6567,9999.92
6568,9999.92
6569,9999.92
6570,9999.92
6571,9999.92
6572,9999.92
6573,9999.92
6574,9999.92
6575,9999.92
6576,9999.92
6577,9999.92
6578,9999.92
6579,9999.92
6580,9999.92
6581,9999.92
6582,9999.92
6583,9999.92
6584,9999.92
6585,9999.92
6586,9999.92
6587,9999.92
6588,9999.92
6589,9999.92
6590,9999.92
6591,9999.92
6592,9999.92
6593,9999.92
6594,9999.92
6595,9999.92
6596,9999.92
6597,9999.92
6598,9999.92
6599,9999.92
6600,9999.92
6601,9999.92
6602,9999.92
6603,9999.92
6604,9999.92
6605,9999.92
6606,9999.92
6607,9999.92
6608,9999.92
6609,9999.92
6610,9999.92
6611,9999.92
6612,9999.92
6613,9999.92
6614,9999.92
6615,9999.92
6616,9999.92
6617,9999.92
6618,9999.92
6619,9999.92
6620,9999.92
6621,9999.92
6622,9999.92
6623,9999.92
6624,9999.92
6625,9999.92
6626,9999.92
6627,9999.92
6628,9999.92
6629,9999.92
6630,9999.92
6631,9999.92
6632,9999.92
6633,9999.92
6634,9999.92
6635,9999.92
6636,9999.92
6637,9999.92
6638,9999.92
6639,9999.92
6640,9999.92
6641,9999.92
6642,9999.92
6643,9999.92
6644,9999.92
6645,9999.92
6646,9999.92
6647,9999.92
6648,9999.92
6649,9999.92
6650,9999.92
6651,9999.92
6652,9999.92
6653,9999.92
6654,9999.92
6655,9999.92
6656,9999.92
6657,9999.92
6658,9999.92
6659,9999.92
6660,9999.92
6661,9999.92
6662,9999.92
6663,9999.92
6664,9999.92
6665,9999.92
6666,9999.92
6667,9999.92
6668,9999.92
6669,9999.92
6670,9999.92
6671,9999.92
6672,9999.92
6673,9999.92
6674,9999.92
6675,9999.92
6676,9999.92
6677,9999.92
6678,9999.92
6679,9999.92
6680,9999.92
6681,9999.92
6682,9999.92
6683,9999.92
6684,9999.92
6685,9999.92
6686,9999.92
6687,9999.92
6688,9999.92
6689,9999.92
6690,9999.92
6691,9999.92
6692,9999.92
6693,9999.92
6694,9999.92
6695,9999.92
6696,9999.92
6697,9999.92
6698,9999.92
6699,9999.92
6700,9999.92
6701,9999.92
6702,9999.92
6703,9999.92
6704,9999.92
6705,9999.92
6706,9999.92
6707,9999.92
6708,9999.92
6709,9999.92
6710,9999.92
6711,9999.92
6712,9999.92
6713,9999.92
6714,9999.92
6715,9999.92
6716,9999.92
6717,9999.92
6718,9999.92
6719,9999.92
6720,9999.92
6721,9999.92
6722,9999.92
6723,9999.92
6724,9999.92
6725,9999.92
6726,9999.92
6727,9999.92
6728,9999.92
6729,9999.92
6730,9999.92
6731,9999.92
6732,9999.92
6733,9999.92
6734,9999.92
6735,9999.92
6736,9999.92
6737,9999.92
6738,9999.92
6739,9999.92
6740,9999.92
6741,9999.92
6742,9999.92
6743,9999.92
6744,9999.92
6745,9999.92
6746,9999.92
6747,9999.92
6748,9999.92
6749,9999.92
6750,9999.92
6751,9999.92
6752,9999.92
6753,9999.92
6754,9999.92
6755,9999.92
6756,9999.92
6757,9999.92
6758,9999.92
6759,9999.92
6760,9999.92
6761,9999.92
6762,9999.92
6763,9999.92
6764,9999.92
6765,9999.92
6766,9999.92
6767,9999.92
6768,9999.92
6769,9999.92
6770,9999.92
6771,9999.92
6772,9999.92
6773,9999.92
6774,9999.92
6775,9999.92
6776,9999.92
6777,9999.92
6778,9999.92
6779,9999.92
6780,9999.92
6781,9999.92
6782,9999.92
6783,9999.92
6784,9999.92
6785,9999.92
6786,9999.92
6787,9999.92
6788,9999.92
6789,9999.92
6790,9999.92
6791,9999.92
6792,9999.92
6793,9999.92
6794,9999.92
6795,9999.92
6796,9999.92
6797,9999.92
6798,9999.92
6799,9999.92
6800,9999.92
6801,9999.92
6802,9999.92
6803,9999.92
6804,9999.92
6805,9999.92
6806,9999.92
6807,9999.92
6808,9999.92
6809,9999.92
6810,9999.92
6811,9999.92
6812,9999.92
6813,9999.92
6814,9999.92
6815,9999.92
6816,9999.92
6817,9999.92
6818,9999.92
6819,9999.92
6820,9999.92
6821,9999.92
6822,9999.92
6823,9999.92
6824,9999.92
6825,9999.92
6826,9999.92
6827,9999.92
6828,9999.92
6829,9999.92
6830,9999.92
6831,9999.92
6832,9999.92
6833,9999.92
6834,9999.92
6835,9999.92
6836,9999.92
6837,9999.92
6838,9999.92
6839,9999.92
6840,9999.92
6841,9999.92
6842,9999.92
6843,9999.92
6844,9999.92
6845,9999.92
6846,9999.92
6847,9999.92
6848,9999.92
6849,9999.92
6850,9999.92
6851,9999.92
6852,9999.92
6853,9999.92
6854,9999.92
6855,9999.92
6856,9999.92
6857,9999.92
6858,9999.92
6859,9999.92
6860,9999.92
6861,9999.92
6862,9999.92
6863,9999.92
6864,9999.92
6865,9999.92
6866,9999.92
6867,9999.92
6868,9999.92
6869,9999.92
6870,9999.92
6871,9999.92
6872,9999.92
6873,9999.92
6874,9999.92
6875,9999.92
6876,9999.92
6877,9999.92
6878,9999.92
6879,9999.92
6880,9999.92
6881,9999.92
6882,9999.92
6883,9999.92
6884,9999.92
6885,9999.92
6886,9999.92
6887,9999.92
6888,9999.92
6889,9999.92
6890,9999.92
6891,9999.92
6892,9999.92
6893,9999.92
6894,9999.92
6895,9999.92
6896,9999.92
6897,9999.92
6898,9999.92
6899,9999.92
6900,9999.92
6901,9999.92
6902,9999.92
6903,9999.92
6904,9999.92
6905,9999.92
6906,9999.92
6907,9999.92
6908,9999.92
6909,9999.92
6910,9999.92
6911,9999.92
6912,9999.92
6913,9999.92
6914,9999.92
6915,9999.92
6916,9999.92
6917,9999.92
6918,9999.92
6919,9999.92
6920,9999.92
6921,9999.92
6922,9999.92
6923,9999.92
6924,9999.92
6925,9999.92
6926,9999.92
6927,9999.92
6928,9999.92
6929,9999.92
6930,9999.92
6931,9999.92
6932,9999.92
6933,9999.92
6934,9999.92
6935,9999.92
6936,9999.92
6937,9999.92
6938,9999.92
6939,9999.92
6940,9999.92
6941,9999.92
6942,9999.92
6943,9999.92
6944,9999.92
6945,9999.92
6946,9999.92
6947,9999.92
6948,9999.92
6949,9999.92
6950,9999.92
6951,9999.92
6952,9999.92
6953,9999.92
6954,9999.92
6955,9999.92
6956,9999.92
6957,9999.92
6958,9999.92
6959,9999.92
6960,9999.92
6961,9999.92
6962,9999.92
6963,9999.92
6964,9999.92
6965,9999.92
6966,9999.92
6967,9999.92
6968,9999.92
6969,9999.92
6970,9999.92
6971,9999.92
6972,9999.92
6973,9999.92
6974,9999.92
6975,9999.92
6976,9999.92
6977,9999.92
6978,9999.92
6979,9999.92
6980,9999.92
6981,9999.92
6982,9999.92
6983,9999.92
6984,9999.92
6985,9999.92
6986,9999.92
6987,9999.92
6988,9999.92
6989,9999.92
6990,9999.92
6991,9999.92
6992,9999.92
6993,9999.92
6994,9999.92
6995,9999.92
6996,9999.92
6997,9999.92
6998,9999.92
6999,9999.92
7000,9999.92
7001,9999.92
7002,9999.92
7003,9999.92
7004,9999.92
7005,9999.92
7006,9999.92
7007,9999.92
7008,9999.92
7009,9999.92
7010,9999.92
7011,9999.92
7012,9999.92
7013,9999.92
7014,9999.92
7015,9999.92
7016,9999.92
7017,9999.92
7018,9999.92
7019,9999.92
7020,9999.92
7021,9999.92
7022,9999.92
7023,9999.92
7024,9999.92
7025,9999.92
7026,9999.92
7027,9999.92
7028,9999.92
7029,9999.92
7030,9999.92
7031,9999.92
7032,9999.92
7033,9999.92
7034,9999.92
7035,9999.92
7036,9999.92
7037,9999.92
7038,9999.92
7039,9999.92
7040,9999.92
7041,9999.92
7042,9999.92
7043,9999.92
7044,9999.92
7045,9999.92
7046,9999.92
7047,9999.92
7048,9999.92
7049,9999.92
7050,9999.92
7051,9999.92
7052,9999.92
7053,9999.92
7054,9999.92
7055,9999.92
7056,9999.92
7057,9999.92
7058,9999.92
7059,9999.92
7060,9999.92
7061,9999.92
7062,9999.92
7063,9999.92
7064,9999.92
7065,9999.92
7066,9999.92
7067,9999.92
7068,9999.92
7069,9999.92
7070,9999.92
7071,9999.92
7072,9999.92
7073,9999.92
7074,9999.92
7075,9999.92
7076,9999.92
7077,9999.92
7078,9999.92
7079,9999.92
7080,9999.92
7081,9999.92
7082,9999.92
7083,9999.92
7084,9999.92
7085,9999.92
7086,9999.92
7087,9999.92
7088,9999.92
7089,9999.92
7090,9999.92
7091,9999.92
7092,9999.92
7093,9999.92
7094,9999.92
7095,9999.92
7096,9999.92
7097,9999.92
7098,9999.92
7099,9999.92
7100,9999.92
7101,9999.92
7102,9999.92
7103,9999.92
7104,9999.92
7105,9999.92
7106,9999.92
7107,9999.92
7108,9999.92
7109,9999.92
7110,9999.92
7111,9999.92
7112,9999.92
7113,9999.92
7114,9999.92
7115,9999.92
7116,9999.92
7117,9999.92
7118,9999.92
7119,9999.92
7120,9999.92
7121,9999.92
7122,9999.92
7123,9999.92
7124,9999.92
7125,9999.92
7126,9999.92
7127,9999.92
7128,9999.92
7129,9999.92
7130,9999.92
7131,9999.92
7132,9999.92
7133,9999.92
7134,9999.92
7135,9999.92
7136,9999.92
7137,9999.92
7138,9999.92
7139,9999.92
7140,9999.92
7141,9999.92
7142,9999.92
7143,9999.92
7144,9999.92
7145,9999.92
7146,9999.92
7147,9999.92
7148,9999.92
7149,9999.92
7150,9999.92
7151,9999.92
7152,9999.92
7153,9999.92
7154,9999.92
7155,9999.92
7156,9999.92
7157,9999.92
7158,9999.92
7159,9999.92
7160,9999.92
7161,9999.92
7162,9999.92
7163,9999.92
7164,9999.92
7165,9999.92
7166,9999.92
7167,9999.92
7168,9999.92
7169,9999.92
7170,9999.92
7171,9999.92
7172,9999.92
7173,9999.92
7174,9999.92
7175,9999.92
7176,9999.92
7177,9999.92
7178,9999.92
7179,9999.92
7180,9999.92
7181,9999.92
7182,9999.92
7183,9999.92
7184,9999.92
7185,9999.92
7186,9999.92
7187,9999.92
7188,9999.92
7189,9999.92
7190,9999.92
7191,9999.92
7192,9999.92
7193,9999.92
7194,9999.92
7195,9999.92
7196,9999.92
7197,9999.92
7198,9999.92
7199,9999.92
7200,9999.92
7201,9999.92
7202,9999.92
7203,9999.92
7204,9999.92
7205,9999.92
7206,9999.92
7207,9999.92
7208,9999.92
7209,9999.92
7210,9999.92
7211,9999.92
7212,9999.92
7213,9999.92
7214,9999.92
7215,9999.92
7216,9999.92
7217,9999.92
7218,9999.92
7219,9999.92
7220,9999.92
7221,9999.92
7222,9999.92
7223,9999.92
7224,9999.92
7225,9999.92
7226,9999.92
7227,9999.92
7228,9999.92
7229,9999.92
7230,9999.92
7231,9999.92
7232,9999.92
7233,9999.92
7234,9999.92
7235,9999.92
7236,9999.92
7237,9999.92
7238,9999.92
7239,9999.92
7240,9999.92
7241,9999.92
7242,9999.92
7243,9999.92
7244,9999.92
7245,9999.92
7246,9999.92
7247,9999.92
7248,9999.92
7249,9999.92
7250,9999.92
7251,9999.92
7252,9999.92
7253,9999.92
7254,9999.92
7255,9999.92
7256,9999.92
7257,9999.92
7258,9999.92
7259,9999.92
7260,9999.92
7261,9999.92
7262,9999.92
7263,9999.92
7264,9999.92
7265,9999.92
7266,9999.92
7267,9999.92
7268,9999.92
7269,9999.92
7270,9999.92
7271,9999.92
7272,9999.92
7273,9999.92
7274,9999.92
7275,9999.92
7276,9999.92
7277,9999.92
7278,9999.92
7279,9999.92
7280,9999.92
7281,9999.92
7282,9999.92
7283,9999.92
7284,9999.92
7285,9999.92
7286,9999.92
7287,9999.92
7288,9999.92
7289,9999.92
7290,9999.92
7291,9999.92
7292,9999.92
7293,9999.92
7294,9999.92
7295,9999.92
7296,9999.92
7297,9999.92
7298,9999.92
7299,9999.92
7300,9999.92
7301,9999.92
7302,9999.92
7303,9999.92
7304,9999.92
7305,9999.92
7306,9999.92
7307,9999.92
7308,9999.92
7309,9999.92
7310,9999.92
7311,9999.92
7312,9999.92
7313,9999.92
7314,9999.92
7315,9999.92
7316,9999.92
7317,9999.92
7318,9999.92
7319,9999.92
7320,9999.92
7321,9999.92
7322,9999.92
7323,9999.92
7324,9999.92
7325,9999.92
7326,9999.92
7327,9999.92
7328,9999.92
7329,9999.92
7330,9999.92
7331,9999.92
7332,9999.92
7333,9999.92
7334,9999.92
7335,9999.92
7336,9999.92
7337,9999.92
7338,9999.92
7339,9999.92
7340,9999.92
7341,9999.92
7342,9999.92
7343,9999.92
7344,9999.92
7345,9999.92
7346,9999.92
7347,9999.92
7348,9999.92
7349,9999.92
7350,9999.92
7351,9999.92
7352,9999.92
7353,9999.92
7354,9999.92
7355,9999.92
7356,9999.92
7357,9999.92
7358,9999.92
7359,9999.92
7360,9999.92
7361,9999.92
7362,9999.92
7363,9999.92
7364,9999.92
7365,9999.92
7366,9999.92
7367,9999.92
7368,9999.92
7369,9999.92
7370,9999.92
7371,9999.92
7372,9999.92
7373,9999.92
7374,9999.92
7375,9999.92
7376,9999.92
7377,9999.92
7378,9999.92
7379,9999.92
7380,9999.92
7381,9999.92
7382,9999.92
7383,9999.92
7384,9999.92
7385,9999.92
7386,9999.92
7387,9999.92
7388,9999.92
7389,9999.92
7390,9999.92
7391,9999.92
7392,9999.92
7393,9999.92
7394,9999.92
7395,9999.92
7396,9999.92
7397,9999.92
7398,9999.92
7399,9999.92
7400,9999.92
7401,9999.92
7402,9999.92
7403,9999.92
7404,9999.92
7405,9999.92
7406,9999.92
7407,9999.92
7408,9999.92
7409,9999.92
7410,9999.92
7411,9999.92
7412,9999.92
7413,9999.92
7414,9999.92
7415,9999.92
7416,9999.92
7417,9999.92
7418,9999.92
7419,9999.92
7420,9999.92
7421,9999.92
7422,9999.92
7423,9999.92
7424,9999.92
7425,9999.92
7426,9999.92
7427,9999.92
7428,9999.92
7429,9999.92
7430,9999.92
7431,9999.92
7432,9999.92
7433,9999.92
7434,9999.92
7435,9999.92
7436,9999.92
7437,9999.92
7438,9999.92
7439,9999.92
7440,9999.92
7441,9999.92
7442,9999.92
7443,9999.92
7444,9999.92
7445,9999.92
7446,9999.92
7447,9999.92
7448,9999.92
7449,9999.92
7450,9999.92
7451,9999.92
7452,9999.92
7453,9999.92
7454,9999.92
7455,9999.92
7456,9999.92
7457,9999.92
7458,9999.92
7459,9999.92
7460,9999.92
7461,9999.92
7462,9999.92
7463,9999.92
7464,9999.92
7465,9999.92
7466,9999.92
7467,9999.92
7468,9999.92
7469,9999.92
7470,9999.92
7471,9999.92
7472,9999.92
7473,9999.92
7474,9999.92
7475,9999.92
7476,9999.92
7477,9999.92
7478,9999.92
7479,9999.92
7480,9999.92
7481,9999.92
7482,9999.92
7483,9999.92
7484,9999.92
7485,9999.92
7486,9999.92
7487,9999.92
7488,9999.92
7489,9999.92
7490,9999.92
7491,9999.92
7492,9999.92
7493,9999.92
7494,9999.92
7495,9999.92
7496,9999.92
7497,9999.92
7498,9999.92
7499,9999.92
7500,9999.92
7501,9999.92
7502,9999.92
7503,9999.92
7504,9999.92
7505,9999.92
7506,9999.92
7507,9999.92
7508,9999.92
7509,9999.92
7510,9999.92
7511,9999.92
7512,9999.92
7513,9999.92
7514,9999.92
7515,9999.92
7516,9999.92
7517,9999.92
7518,9999.92
7519,9999.92
7520,9999.92
7521,9999.92
7522,9999.92
7523,9999.92
7524,9999.92
7525,9999.92
7526,9999.92
7527,9999.92
7528,9999.92
7529,9999.92
7530,9999.92
7531,9999.92
7532,9999.92
7533,9999.92
7534,9999.92
7535,9999.92
7536,9999.92
7537,9999.92
7538,9999.92
7539,9999.92
7540,9999.92
7541,9999.92
7542,9999.92
7543,9999.92
7544,9999.92
7545,9999.92
7546,9999.92
7547,9999.92
7548,9999.92
7549,9999.92
7550,9999.92
7551,9999.92
7552,9999.92
7553,9999.92
7554,9999.92
7555,9999.92
7556,9999.92
7557,9999.92
7558,9999.92
7559,9999.92
7560,9999.92
7561,9999.92
7562,9999.92
7563,9999.92
7564,9999.92
7565,9999.92
7566,9999.92
7567,9999.92
7568,9999.92
7569,9999.92
7570,9999.92
7571,9999.92
7572,9999.92
7573,9999.92
7574,9999.92
7575,9999.92
7576,9999.92
7577,9999.92
7578,9999.92
7579,9999.92
7580,9999.92
7581,9999.92
7582,9999.92
7583,9999.92
7584,9999.92
7585,9999.92
7586,9999.92
7587,9999.92
7588,9999.92
7589,9999.92
7590,9999.92
7591,9999.92
7592,9999.92
7593,9999.92
7594,9999.92
7595,9999.92
7596,9999.92
7597,9999.92
7598,9999.92
7599,9999.92
