
1,10000
2,10000
3,10000
4,10000
5,10000
6,10000
7,10000
8,10000
9,10000
10,10000
11,10000
12,10000
13,10000
14,10000
15,10000
16,10000
17,10000
18,10000
19,10000
20,10000
21,10000
22,10000
23,10000
24,10000
25,10000
26,10000
27,10000
28,10000
29,10000
30,10000
31,10000
32,10000
33,10000
34,10000
35,10000
36,10000
37,10000
38,10000
39,10000
40,10000
41,10000
42,10000
43,10000
44,10000
45,10000
46,10000
47,10000
48,10000
49,10000
50,10000
51,10000
52,10000
53,10000
54,10000
55,10000
56,10000
57,10000
58,10000
59,10000
60,10000
61,10000
62,10000
63,10000
64,10000
65,10000
66,10000
67,10000
68,10000
69,10000
70,10000
71,10000
72,10000
73,10000
74,10000
75,10000
76,10000
77,10000
78,10000
79,10000
80,10000
81,10000
82,10000
83,10000
84,10000
85,10000
86,10000
87,10000
88,10000
89,10000
90,10000
91,10000
92,10000
93,10000
94,10000
95,10000
96,10000
97,10000
98,10000
99,10000
100,10000
101,10000
102,10000
102.508,10000
102.662,9999.96
103,9999.96
103.662,9999.96
103.679,9999.96
104,9999.96
104.662,9999.96
104.925,9999.96
105,9999.96
106,9999.96
107,9999.96
108,9999.96
109,9999.96
110,9999.96
111,9999.96
112,9999.96
113,9999.96
114,9999.96
115,9999.96
116,9999.96
117,9999.96
118,9999.96
119,9999.96
120,9999.96
121,9999.96
122,9999.96
123,9999.96
124,9999.96
125,9999.96
126,9999.96
127,9999.96
128,9999.96
129,9999.96
130,9999.96
131,9999.96
132,9999.96
133,9999.96
134,9999.96
135,9999.96
136,9999.96
137,9999.96
138,9999.96
139,9999.96
140,9999.96
141,9999.96
142,9999.96
143,9999.96
144,9999.96
145,9999.96
146,9999.96
147,9999.96
148,9999.96
149,9999.96
150,9999.96
151,9999.96
152,9999.96
153,9999.96
154,9999.96
155,9999.96
156,9999.96
157,9999.96
158,9999.96
159,9999.96
160,9999.96
161,9999.96
162,9999.96
163,9999.96
164,9999.96
165,9999.96
166,9999.96
167,9999.96
168,9999.96
169,9999.96
170,9999.96
171,9999.96
172,9999.96
173,9999.96
174,9999.96
175,9999.96
176,9999.96
177,9999.96
178,9999.96
179,9999.96
180,9999.96
181,9999.96
182,9999.96
183,9999.96
184,9999.96
185,9999.96
186,9999.96
187,9999.96
188,9999.96
189,9999.96
190,9999.96
191,9999.96
192,9999.96
193,9999.96
194,9999.96
195,9999.96
196,9999.96
197,9999.96
198,9999.96
199,9999.96
200,9999.96
201,9999.96
202,9999.96
203,9999.96
204,9999.96
205,9999.96
206,9999.96
207,9999.96
208,9999.96
209,9999.96
210,9999.96
211,9999.96
212,9999.96
213,9999.96
214,9999.96
215,9999.96
216,9999.96
217,9999.96
218,9999.96
219,9999.96
220,9999.96
221,9999.96
222,9999.96
223,9999.96
224,9999.96
225,9999.96
226,9999.96
227,9999.96
228,9999.96
229,9999.96
230,9999.96
231,9999.96
232,9999.96
233,9999.96
234,9999.96
235,9999.96
236,9999.96
237,9999.96
238,9999.96
239,9999.96
240,9999.96
241,9999.96
242,9999.96
243,9999.96
244,9999.96
245,9999.96
246,9999.96
247,9999.96
248,9999.96
249,9999.96
250,9999.96
251,9999.96
252,9999.96
253,9999.96
254,9999.96
255,9999.96
256,9999.96
257,9999.96
258,9999.96
259,9999.96
260,9999.96
261,9999.96
262,9999.96
263,9999.96
264,9999.96
265,9999.96
266,9999.96
267,9999.96
268,9999.96
269,9999.96
270,9999.96
271,9999.96
272,9999.96
273,9999.96
274,9999.96
275,9999.96
276,9999.96
277,9999.96
278,9999.96
279,9999.96
280,9999.96
281,9999.96
282,9999.96
283,9999.96
284,9999.96
285,9999.96
286,9999.96
287,9999.96
288,9999.96
289,9999.96
290,9999.96
291,9999.96
292,9999.96
293,9999.96
294,9999.96
295,9999.96
296,9999.96
297,9999.96
298,9999.96
299,9999.96
300,9999.96
301,9999.96
302,9999.96
303,9999.96
304,9999.96
305,9999.96
306,9999.96
307,9999.96
308,9999.96
309,9999.96
310,9999.96
311,9999.96
312,9999.96
313,9999.96
314,9999.96
315,9999.96
316,9999.96
317,9999.96
318,9999.96
319,9999.96
320,9999.96
321,9999.96
322,9999.96
323,9999.96
324,9999.96
325,9999.96
326,9999.96
327,9999.96
328,9999.96
329,9999.96
330,9999.96
331,9999.96
332,9999.96
333,9999.96
334,9999.96
335,9999.96
336,9999.96
337,9999.96
338,9999.96
339,9999.96
340,9999.96
341,9999.96
342,9999.96
343,9999.96
344,9999.96
345,9999.96
346,9999.96
347,9999.96
348,9999.96
349,9999.96
350,9999.96
351,9999.96
352,9999.96
353,9999.96
354,9999.96
355,9999.96
356,9999.96
357,9999.96
358,9999.96
359,9999.96
360,9999.96
361,9999.96
362,9999.96
363,9999.96
364,9999.96
365,9999.96
366,9999.96
367,9999.96
368,9999.96
369,9999.96
370,9999.96
371,9999.96
372,9999.96
373,9999.96
374,9999.96
375,9999.96
376,9999.96
377,9999.96
378,9999.96
379,9999.96
380,9999.96
381,9999.96
382,9999.96
383,9999.96
384,9999.96
385,9999.96
386,9999.96
387,9999.96
388,9999.96
389,9999.96
390,9999.96
391,9999.96
392,9999.96
393,9999.96
394,9999.96
395,9999.96
396,9999.96
397,9999.96
398,9999.96
399,9999.96
400,9999.96
401,9999.96
402,9999.96
403,9999.96
404,9999.96
405,9999.96
406,9999.96
407,9999.96
408,9999.96
409,9999.96
410,9999.96
411,9999.96
412,9999.96
413,9999.96
414,9999.96
415,9999.96
416,9999.96
417,9999.96
418,9999.96
419,9999.96
420,9999.96
421,9999.96
422,9999.96
423,9999.96
424,9999.96
425,9999.96
426,9999.96
427,9999.96
428,9999.96
429,9999.96
430,9999.96
431,9999.96
432,9999.96
433,9999.96
434,9999.96
435,9999.96
436,9999.96
437,9999.96
438,9999.96
439,9999.96
440,9999.96
441,9999.96
442,9999.96
443,9999.96
444,9999.96
445,9999.96
446,9999.96
447,9999.96
448,9999.96
449,9999.96
450,9999.96
451,9999.96
452,9999.96
453,9999.96
454,9999.96
455,9999.96
456,9999.96
457,9999.96
458,9999.96
459,9999.96
460,9999.96
461,9999.96
462,9999.96
463,9999.96
464,9999.96
465,9999.96
466,9999.96
467,9999.96
468,9999.96
469,9999.96
470,9999.96
471,9999.96
472,9999.96
473,9999.96
474,9999.96
475,9999.96
476,9999.96
477,9999.96
478,9999.96
479,9999.96
480,9999.96
481,9999.96
482,9999.96
483,9999.96
484,9999.96
485,9999.96
486,9999.96
487,9999.96
488,9999.96
489,9999.96
490,9999.96
491,9999.96
492,9999.96
493,9999.96
494,9999.96
495,9999.96
496,9999.96
497,9999.96
498,9999.96
499,9999.96
500,9999.96
501,9999.96
502,9999.96
503,9999.96
504,9999.96
505,9999.96
506,9999.96
507,9999.96
508,9999.96
509,9999.96
510,9999.96
511,9999.96
512,9999.96
513,9999.96
514,9999.96
515,9999.96
516,9999.96
517,9999.96
518,9999.96
519,9999.96
520,9999.96
521,9999.96
522,9999.96
523,9999.96
524,9999.96
525,9999.96
526,9999.96
527,9999.96
528,9999.96
529,9999.96
530,9999.96
531,9999.96
532,9999.96
533,9999.96
534,9999.96
535,9999.96
536,9999.96
537,9999.96
538,9999.96
539,9999.96
540,9999.96
541,9999.96
542,9999.96
543,9999.96
544,9999.96
545,9999.96
546,9999.96
547,9999.96
548,9999.96
549,9999.96
550,9999.96
551,9999.96
552,9999.96
553,9999.96
554,9999.96
555,9999.96
556,9999.96
557,9999.96
558,9999.96
559,9999.96
560,9999.96
561,9999.96
562,9999.96
563,9999.96
564,9999.96
565,9999.96
566,9999.96
567,9999.96
568,9999.96
569,9999.96
570,9999.96
571,9999.96
572,9999.96
573,9999.96
574,9999.96
575,9999.96
576,9999.96
577,9999.96
578,9999.96
579,9999.96
580,9999.96
581,9999.96
582,9999.96
583,9999.96
584,9999.96
585,9999.96
586,9999.96
587,9999.96
588,9999.96
589,9999.96
590,9999.96
591,9999.96
592,9999.96
593,9999.96
594,9999.96
595,9999.96
596,9999.96
597,9999.96
598,9999.96
599,9999.96
600,9999.96
601,9999.96
602,9999.96
603,9999.96
604,9999.96
605,9999.96
606,9999.96
607,9999.96
608,9999.96
609,9999.96
610,9999.96
611,9999.96
612,9999.96
613,9999.96
614,9999.96
615,9999.96
616,9999.96
617,9999.96
618,9999.96
619,9999.96
620,9999.96
621,9999.96
622,9999.96
623,9999.96
624,9999.96
625,9999.96
626,9999.96
627,9999.96
628,9999.96
629,9999.96
630,9999.96
631,9999.96
632,9999.96
633,9999.96
634,9999.96
635,9999.96
636,9999.96
637,9999.96
638,9999.96
639,9999.96
640,9999.96
641,9999.96
642,9999.96
643,9999.96
644,9999.96
645,9999.96
646,9999.96
647,9999.96
648,9999.96
649,9999.96
650,9999.96
651,9999.96
652,9999.96
653,9999.96
654,9999.96
655,9999.96
656,9999.96
657,9999.96
658,9999.96
659,9999.96
660,9999.96
661,9999.96
662,9999.96
663,9999.96
664,9999.96
665,9999.96
666,9999.96
667,9999.96
668,9999.96
669,9999.96
670,9999.96
671,9999.96
672,9999.96
673,9999.96
674,9999.96
675,9999.96
676,9999.96
677,9999.96
678,9999.96
679,9999.96
680,9999.96
681,9999.96
682,9999.96
683,9999.96
684,9999.96
685,9999.96
686,9999.96
687,9999.96
688,9999.96
689,9999.96
690,9999.96
691,9999.96
692,9999.96
693,9999.96
694,9999.96
695,9999.96
696,9999.96
697,9999.96
698,9999.96
699,9999.96
700,9999.96
701,9999.96
702,9999.96
703,9999.96
704,9999.96
705,9999.96
706,9999.96
707,9999.96
708,9999.96
709,9999.96
710,9999.96
711,9999.96
712,9999.96
713,9999.96
714,9999.96
715,9999.96
716,9999.96
717,9999.96
718,9999.96
719,9999.96
720,9999.96
721,9999.96
722,9999.96
723,9999.96
724,9999.96
725,9999.96
726,9999.96
727,9999.96
728,9999.96
729,9999.96
730,9999.96
731,9999.96
732,9999.96
733,9999.96
734,9999.96
735,9999.96
736,9999.96
737,9999.96
738,9999.96
739,9999.96
740,9999.96
741,9999.96
742,9999.96
743,9999.96
744,9999.96
745,9999.96
746,9999.96
747,9999.96
748,9999.96
749,9999.96
750,9999.96
751,9999.96
752,9999.96
753,9999.96
754,9999.96
755,9999.96
756,9999.96
757,9999.96
758,9999.96
759,9999.96
760,9999.96
761,9999.96
762,9999.96
763,9999.96
764,9999.96
765,9999.96
766,9999.96
767,9999.96
768,9999.96
769,9999.96
770,9999.96
771,9999.96
772,9999.96
773,9999.96
774,9999.96
775,9999.96
776,9999.96
777,9999.96
778,9999.96
779,9999.96
780,9999.96
781,9999.96
782,9999.96
783,9999.96
784,9999.96
785,9999.96
786,9999.96
787,9999.96
788,9999.96
789,9999.96
790,9999.96
791,9999.96
792,9999.96
793,9999.96
794,9999.96
795,9999.96
796,9999.96
797,9999.96
798,9999.96
799,9999.96
800,9999.96
801,9999.96
802,9999.96
803,9999.96
804,9999.96
805,9999.96
806,9999.96
807,9999.96
808,9999.96
809,9999.96
810,9999.96
811,9999.96
812,9999.96
813,9999.96
814,9999.96
815,9999.96
816,9999.96
817,9999.96
818,9999.96
819,9999.96
820,9999.96
821,9999.96
822,9999.96
823,9999.96
824,9999.96
825,9999.96
826,9999.96
827,9999.96
828,9999.96
829,9999.96
830,9999.96
831,9999.96
832,9999.96
833,9999.96
834,9999.96
835,9999.96
836,9999.96
837,9999.96
838,9999.96
839,9999.96
840,9999.96
841,9999.96
842,9999.96
843,9999.96
844,9999.96
845,9999.96
846,9999.96
847,9999.96
848,9999.96
849,9999.96
850,9999.96
851,9999.96
852,9999.96
853,9999.96
854,9999.96
855,9999.96
856,9999.96
857,9999.96
858,9999.96
859,9999.96
860,9999.96
861,9999.96
862,9999.96
863,9999.96
864,9999.96
865,9999.96
866,9999.96
867,9999.96
868,9999.95
869,9999.95
870,9999.95
871,9999.95
872,9999.95
873,9999.95
874,9999.95
875,9999.95
876,9999.95
877,9999.95
878,9999.95
879,9999.95
880,9999.95
881,9999.95
882,9999.95
883,9999.95
884,9999.95
885,9999.95
886,9999.95
887,9999.95
888,9999.95
889,9999.95
890,9999.95
891,9999.95
892,9999.95
893,9999.95
894,9999.95
895,9999.95
896,9999.95
897,9999.95
898,9999.95
899,9999.95
900,9999.95
901,9999.95
902,9999.95
903,9999.95
904,9999.95
905,9999.95
906,9999.95
907,9999.95
908,9999.95
909,9999.95
910,9999.95
911,9999.95
912,9999.95
913,9999.95
914,9999.95
915,9999.95
916,9999.95
917,9999.95
918,9999.95
919,9999.95
920,9999.95
921,9999.95
922,9999.95
923,9999.95
924,9999.95
925,9999.95
926,9999.95
927,9999.95
928,9999.95
929,9999.95
930,9999.95
931,9999.95
932,9999.95
933,9999.95
934,9999.95
935,9999.95
936,9999.95
937,9999.95
938,9999.95
939,9999.95
940,9999.95
941,9999.95
942,9999.95
943,9999.95
944,9999.95
945,9999.95
946,9999.95
947,9999.95
948,9999.95
949,9999.95
950,9999.95
951,9999.95
952,9999.95
953,9999.95
954,9999.95
955,9999.95
956,9999.95
957,9999.95
958,9999.95
959,9999.95
960,9999.95
961,9999.95
962,9999.95
963,9999.95
964,9999.95
965,9999.95
966,9999.95
967,9999.95
968,9999.95
969,9999.95
970,9999.95
971,9999.95
972,9999.95
973,9999.95
974,9999.95
975,9999.95
976,9999.95
977,9999.95
978,9999.95
979,9999.95
980,9999.95
981,9999.95
982,9999.95
983,9999.95
984,9999.95
985,9999.95
986,9999.95
987,9999.95
988,9999.95
989,9999.95
990,9999.95
991,9999.95
992,9999.95
993,9999.95
994,9999.95
995,9999.95
996,9999.95
997,9999.95
998,9999.95
999,9999.95
1000,9999.95
1001,9999.95
1002,9999.95
1003,9999.95
1004,9999.95
1005,9999.95
1006,9999.95
1007,9999.95
1008,9999.95
1009,9999.95
1010,9999.95
1011,9999.95
1012,9999.95
1013,9999.95
1014,9999.95
1015,9999.95
1016,9999.95
1017,9999.95
1018,9999.95
1019,9999.95
1020,9999.95
1021,9999.95
1022,9999.95
1023,9999.95
1024,9999.95
1025,9999.95
1026,9999.95
1027,9999.95
1028,9999.95
1029,9999.95
1030,9999.95
1031,9999.95
1032,9999.95
1033,9999.95
1034,9999.95
1035,9999.95
1036,9999.95
1037,9999.95
1038,9999.95
1039,9999.95
1040,9999.95
1041,9999.95
1042,9999.95
1043,9999.95
1044,9999.95
1045,9999.95
1046,9999.95
1047,9999.95
1048,9999.95
1049,9999.95
1050,9999.95
1051,9999.95
1052,9999.95
1053,9999.95
1054,9999.95
1055,9999.95
1056,9999.95
1057,9999.95
1058,9999.95
1059,9999.95
1060,9999.95
1061,9999.95
1062,9999.95
1063,9999.95
1064,9999.95
1065,9999.95
1066,9999.95
1067,9999.95
1068,9999.95
1069,9999.95
1070,9999.95
1071,9999.95
1072,9999.95
1073,9999.95
1074,9999.95
1075,9999.95
1076,9999.95
1077,9999.95
1078,9999.95
1079,9999.95
1080,9999.95
1081,9999.95
1082,9999.95
1083,9999.95
1084,9999.95
1085,9999.95
1086,9999.95
1087,9999.95
1088,9999.95
1089,9999.95
1090,9999.95
1091,9999.95
1092,9999.95
1093,9999.95
1094,9999.95
1095,9999.95
1096,9999.95
1097,9999.95
1098,9999.95
1099,9999.95
1100,9999.95
1101,9999.95
1102,9999.95
1103,9999.95
1104,9999.95
1105,9999.95
1106,9999.95
1107,9999.95
1108,9999.95
1109,9999.95
1110,9999.95
1111,9999.95
1112,9999.95
1113,9999.95
1114,9999.95
1115,9999.95
1116,9999.95
1117,9999.95
1118,9999.95
1119,9999.95
1120,9999.95
1121,9999.95
1122,9999.95
1123,9999.95
1124,9999.95
1125,9999.95
1126,9999.95
1127,9999.95
1128,9999.95
1129,9999.95
1130,9999.95
1131,9999.95
1132,9999.95
1133,9999.95
1134,9999.95
1135,9999.95
1136,9999.95
1137,9999.95
1138,9999.95
1139,9999.95
1140,9999.95
1141,9999.95
1142,9999.95
1143,9999.95
1144,9999.95
1145,9999.95
1146,9999.95
1147,9999.95
1148,9999.95
1149,9999.95
1150,9999.95
1151,9999.95
1152,9999.95
1153,9999.95
1154,9999.95
1155,9999.95
1156,9999.95
1157,9999.95
1158,9999.95
1159,9999.95
1160,9999.95
1161,9999.95
1162,9999.95
1163,9999.95
1164,9999.95
1165,9999.95
1166,9999.95
1167,9999.95
1168,9999.95
1169,9999.95
1170,9999.95
1171,9999.95
1172,9999.95
1173,9999.95
1174,9999.95
1175,9999.95
1176,9999.95
1177,9999.95
1178,9999.95
1179,9999.95
1180,9999.95
1181,9999.95
1182,9999.95
1183,9999.95
1184,9999.95
1185,9999.95
1186,9999.95
1187,9999.95
1188,9999.95
1189,9999.95
1190,9999.95
1191,9999.95
1192,9999.95
1193,9999.95
1194,9999.95
1195,9999.95
1196,9999.95
1197,9999.95
1198,9999.95
1199,9999.95
1200,9999.95
1201,9999.95
1202,9999.95
1203,9999.95
1204,9999.95
1205,9999.95
1206,9999.95
1207,9999.95
1208,9999.95
1209,9999.95
1210,9999.95
1211,9999.95
1212,9999.95
1213,9999.95
1214,9999.95
1215,9999.95
1216,9999.95
1217,9999.95
1218,9999.95
1219,9999.95
1220,9999.95
1221,9999.95
1222,9999.95
1223,9999.95
1224,9999.95
1225,9999.95
1226,9999.95
1227,9999.95
1228,9999.95
1229,9999.95
1230,9999.95
1231,9999.95
1232,9999.95
1233,9999.95
1234,9999.95
1235,9999.95
1236,9999.95
1237,9999.95
1238,9999.95
1239,9999.95
1240,9999.95
1241,9999.95
1242,9999.95
1243,9999.95
1244,9999.95
1245,9999.95
1246,9999.95
1247,9999.95
1248,9999.95
1249,9999.95
1250,9999.95
1251,9999.95
1252,9999.95
1253,9999.95
1254,9999.95
1255,9999.95
1256,9999.95
1257,9999.95
1258,9999.95
1259,9999.95
1260,9999.95
1261,9999.95
1262,9999.95
1263,9999.95
1264,9999.95
1265,9999.95
1266,9999.95
1267,9999.95
1268,9999.95
1269,9999.95
1270,9999.95
1271,9999.95
1272,9999.95
1273,9999.95
1274,9999.95
1275,9999.95
1276,9999.95
1277,9999.95
1278,9999.95
1279,9999.95
1280,9999.95
1281,9999.95
1282,9999.95
1283,9999.95
1284,9999.95
1285,9999.95
1286,9999.95
1287,9999.95
1288,9999.95
1289,9999.95
1290,9999.95
1291,9999.95
1292,9999.95
1293,9999.95
1294,9999.95
1295,9999.95
1296,9999.95
1297,9999.95
1298,9999.95
1299,9999.95
1300,9999.95
1301,9999.95
1302,9999.95
1303,9999.95
1304,9999.95
1305,9999.95
1306,9999.95
1307,9999.95
1308,9999.95
1309,9999.95
1310,9999.95
1311,9999.95
1312,9999.95
1313,9999.95
1314,9999.95
1315,9999.95
1316,9999.95
1317,9999.95
1318,9999.95
1319,9999.95
1320,9999.95
1321,9999.95
1322,9999.95
1323,9999.95
1324,9999.95
1325,9999.95
1326,9999.95
1327,9999.95
1328,9999.95
1329,9999.95
1330,9999.95
1331,9999.95
1332,9999.95
1333,9999.95
1334,9999.95
1335,9999.95
1336,9999.95
1337,9999.95
1338,9999.95
1339,9999.95
1340,9999.95
1341,9999.95
1342,9999.95
1343,9999.95
1344,9999.95
1345,9999.95
1346,9999.95
1347,9999.95
1348,9999.95
1349,9999.95
1350,9999.95
1351,9999.95
1352,9999.95
1353,9999.95
1354,9999.95
1355,9999.95
1356,9999.95
1357,9999.95
1358,9999.95
1359,9999.95
1360,9999.95
1361,9999.95
1362,9999.95
1363,9999.95
1364,9999.95
1365,9999.95
1366,9999.95
1367,9999.95
1368,9999.95
1369,9999.95
1370,9999.95
1371,9999.95
1372,9999.95
1373,9999.95
1374,9999.95
1375,9999.95
1376,9999.95
1377,9999.95
1378,9999.95
1379,9999.95
1380,9999.95
1381,9999.95
1382,9999.95
1383,9999.95
1384,9999.95
1385,9999.95
1386,9999.95
1387,9999.95
1388,9999.95
1389,9999.95
1390,9999.95
1391,9999.95
1392,9999.95
1393,9999.95
1394,9999.95
1395,9999.95
1396,9999.95
1397,9999.95
1398,9999.95
1399,9999.95
1400,9999.95
1401,9999.95
1402,9999.95
1403,9999.95
1404,9999.95
1405,9999.95
1406,9999.95
1407,9999.95
1408,9999.95
1409,9999.95
1410,9999.95
1411,9999.95
1412,9999.95
1413,9999.95
1414,9999.95
1415,9999.95
1416,9999.95
1417,9999.95
1418,9999.95
1419,9999.95
1420,9999.95
1421,9999.95
1422,9999.95
1423,9999.95
1424,9999.95
1425,9999.95
1426,9999.95
1427,9999.95
1428,9999.95
1429,9999.95
1430,9999.95
1431,9999.95
1432,9999.95
1433,9999.95
1434,9999.95
1435,9999.95
1436,9999.95
1437,9999.95
1438,9999.95
1439,9999.95
1440,9999.95
1441,9999.95
1442,9999.95
1443,9999.95
1444,9999.95
1445,9999.95
1446,9999.95
1447,9999.95
1448,9999.95
1449,9999.95
1450,9999.95
1451,9999.95
1452,9999.95
1453,9999.95
1454,9999.95
1455,9999.95
1456,9999.95
1457,9999.95
1458,9999.95
1459,9999.95
1460,9999.95
1461,9999.95
1462,9999.95
1463,9999.95
1464,9999.95
1465,9999.95
1466,9999.95
1467,9999.95
1468,9999.95
1469,9999.95
1470,9999.95
1471,9999.95
1472,9999.95
1473,9999.95
1474,9999.95
1475,9999.95
1476,9999.95
1477,9999.95
1478,9999.95
1479,9999.95
1480,9999.95
1481,9999.95
1482,9999.95
1483,9999.95
1484,9999.95
1485,9999.95
1486,9999.95
1487,9999.95
1488,9999.95
1489,9999.95
1490,9999.95
1491,9999.95
1492,9999.95
1493,9999.95
1494,9999.95
1495,9999.95
1496,9999.95
1497,9999.95
1498,9999.95
1499,9999.95
1500,9999.95
1501,9999.95
1502,9999.95
1503,9999.95
1504,9999.95
1505,9999.95
1506,9999.95
1507,9999.95
1508,9999.95
1509,9999.95
1510,9999.95
1511,9999.95
1512,9999.95
1513,9999.95
1514,9999.95
1515,9999.95
1516,9999.95
1517,9999.95
1518,9999.95
1519,9999.95
1520,9999.95
1521,9999.95
1522,9999.95
1523,9999.95
1524,9999.95
1525,9999.95
1526,9999.95
1527,9999.95
1528,9999.95
1529,9999.95
1530,9999.95
1531,9999.95
1532,9999.95
1533,9999.95
1534,9999.95
1535,9999.95
1536,9999.95
1537,9999.95
1538,9999.95
1539,9999.95
1540,9999.95
1541,9999.95
1542,9999.95
1543,9999.95
1544,9999.95
1545,9999.95
1546,9999.95
1547,9999.95
1548,9999.95
1549,9999.95
1550,9999.95
1551,9999.95
1552,9999.95
1553,9999.95
1554,9999.95
1555,9999.95
1556,9999.95
1557,9999.95
1558,9999.95
1559,9999.95
1560,9999.95
1561,9999.95
1562,9999.95
1563,9999.95
1564,9999.95
1565,9999.95
1566,9999.95
1567,9999.95
1568,9999.95
1569,9999.95
1570,9999.95
1571,9999.95
1572,9999.95
1573,9999.95
1574,9999.95
1575,9999.95
1576,9999.95
1577,9999.95
1578,9999.95
1579,9999.95
1580,9999.95
1581,9999.95
1582,9999.95
1583,9999.95
1584,9999.95
1585,9999.95
1586,9999.95
1587,9999.95
1588,9999.95
1589,9999.95
1590,9999.95
1591,9999.95
1592,9999.95
1593,9999.95
1594,9999.95
1595,9999.95
1596,9999.95
1597,9999.95
1598,9999.95
1599,9999.95
1600,9999.95
1601,9999.95
1602,9999.95
1603,9999.95
1604,9999.95
1605,9999.95
1606,9999.95
1607,9999.95
1608,9999.95
1609,9999.95
1610,9999.95
1611,9999.95
1612,9999.95
1613,9999.95
1614,9999.95
1615,9999.95
1616,9999.95
1617,9999.95
1618,9999.95
1619,9999.95
1620,9999.95
1621,9999.95
1622,9999.95
1623,9999.95
1624,9999.95
1625,9999.95
1626,9999.95
1627,9999.95
1628,9999.95
1629,9999.95
1630,9999.95
1631,9999.95
1632,9999.95
1633,9999.95
1634,9999.95
1635,9999.95
1636,9999.95
1637,9999.95
1638,9999.95
1639,9999.95
1640,9999.95
1641,9999.95
1642,9999.95
1643,9999.95
1644,9999.95
1645,9999.95
1646,9999.95
1647,9999.95
1648,9999.95
1649,9999.95
1650,9999.95
1651,9999.95
1652,9999.95
1653,9999.95
1654,9999.95
1655,9999.95
1656,9999.95
1657,9999.95
1658,9999.95
1659,9999.95
1660,9999.95
1661,9999.95
1662,9999.95
1663,9999.95
1664,9999.95
1665,9999.95
1666,9999.95
1667,9999.95
1668,9999.95
1669,9999.95
1670,9999.95
1671,9999.95
1672,9999.95
1673,9999.95
1674,9999.95
1675,9999.95
1676,9999.95
1677,9999.95
1678,9999.95
1679,9999.95
1680,9999.95
1681,9999.95
1682,9999.95
1683,9999.95
1684,9999.95
1685,9999.95
1686,9999.95
1687,9999.95
1688,9999.95
1689,9999.95
1690,9999.95
1691,9999.95
1692,9999.95
1693,9999.95
1694,9999.95
1695,9999.95
1696,9999.95
1697,9999.95
1698,9999.95
1699,9999.95
1700,9999.95
1701,9999.95
1702,9999.95
1703,9999.95
1704,9999.95
1705,9999.95
1706,9999.95
1707,9999.95
1708,9999.95
1709,9999.95
1710,9999.95
1711,9999.95
1712,9999.95
1713,9999.95
1714,9999.95
1715,9999.95
1716,9999.95
1717,9999.95
1718,9999.95
1719,9999.95
1720,9999.95
1721,9999.95
1722,9999.95
1723,9999.95
1724,9999.95
1725,9999.95
1726,9999.95
1727,9999.95
1728,9999.95
1729,9999.95
1730,9999.95
1731,9999.95
1732,9999.95
1733,9999.95
1734,9999.95
1735,9999.95
1736,9999.95
1737,9999.95
1738,9999.95
1739,9999.95
1740,9999.95
1741,9999.95
1742,9999.95
1743,9999.95
1744,9999.95
1745,9999.95
1746,9999.95
1747,9999.95
1748,9999.95
1749,9999.95
1750,9999.95
1751,9999.95
1752,9999.95
1753,9999.95
1754,9999.95
1755,9999.95
1756,9999.95
1757,9999.95
1758,9999.95
1759,9999.95
1760,9999.95
1761,9999.95
1762,9999.95
1763,9999.95
1764,9999.95
1765,9999.95
1766,9999.95
1767,9999.95
1768,9999.95
1769,9999.95
1770,9999.95
1771,9999.95
1772,9999.95
1773,9999.95
1774,9999.95
1775,9999.95
1776,9999.95
1777,9999.95
1778,9999.95
1779,9999.95
1780,9999.95
1781,9999.95
1782,9999.95
1783,9999.95
1784,9999.95
1785,9999.95
1786,9999.95
1787,9999.95
1788,9999.95
1789,9999.95
1790,9999.95
1791,9999.95
1792,9999.95
1793,9999.95
1794,9999.95
1795,9999.95
1796,9999.95
1797,9999.95
1798,9999.95
1799,9999.95
1800,9999.95
1801,9999.95
1802,9999.95
1803,9999.95
1804,9999.95
1805,9999.95
1806,9999.95
1807,9999.95
1808,9999.95
1809,9999.95
1810,9999.95
1811,9999.95
1812,9999.95
1813,9999.95
1814,9999.95
1815,9999.95
1816,9999.95
1817,9999.95
1818,9999.95
1819,9999.95
1820,9999.95
1821,9999.95
1822,9999.95
1823,9999.95
1824,9999.95
1825,9999.95
1826,9999.95
1827,9999.95
1828,9999.95
1829,9999.95
1830,9999.95
1831,9999.95
1832,9999.95
1833,9999.95
1834,9999.95
1835,9999.95
1836,9999.95
1837,9999.95
1838,9999.95
1839,9999.95
1840,9999.95
1841,9999.95
1842,9999.95
1843,9999.95
1844,9999.95
1845,9999.95
1846,9999.95
1847,9999.95
1848,9999.95
1849,9999.95
1850,9999.95
1851,9999.95
1852,9999.95
1853,9999.95
1854,9999.95
1855,9999.95
1856,9999.95
1857,9999.95
1858,9999.95
1859,9999.95
1860,9999.95
1861,9999.95
1862,9999.95
1863,9999.95
1864,9999.95
1865,9999.95
1866,9999.95
1867,9999.95
1868,9999.95
1869,9999.95
1870,9999.95
1871,9999.95
1872,9999.95
1873,9999.95
1874,9999.95
1875,9999.95
1876,9999.95
1877,9999.95
1878,9999.95
1879,9999.95
1880,9999.95
1881,9999.95
1882,9999.95
1883,9999.95
1884,9999.95
1885,9999.95
1886,9999.95
1887,9999.95
1888,9999.95
1889,9999.95
1890,9999.95
1891,9999.95
1892,9999.95
1893,9999.95
1894,9999.95
1895,9999.95
1896,9999.95
1897,9999.95
1898,9999.95
1899,9999.95
1900,9999.95
1901,9999.95
1902,9999.95
1903,9999.95
1904,9999.95
1905,9999.95
1906,9999.95
1907,9999.95
1908,9999.95
1909,9999.95
1910,9999.95
1911,9999.95
1912,9999.95
1913,9999.95
1914,9999.95
1915,9999.95
1916,9999.95
1917,9999.95
1918,9999.95
1919,9999.95
1920,9999.95
1921,9999.95
1922,9999.95
1923,9999.95
1924,9999.95
1925,9999.95
1926,9999.95
1927,9999.95
1928,9999.95
1929,9999.95
1930,9999.95
1931,9999.95
1932,9999.95
1933,9999.95
1934,9999.95
1935,9999.95
1936,9999.95
1937,9999.95
1938,9999.95
1939,9999.95
1940,9999.95
1941,9999.95
1942,9999.95
1943,9999.95
1944,9999.95
1945,9999.95
1946,9999.95
1947,9999.95
1948,9999.95
1949,9999.95
1950,9999.95
1951,9999.95
1952,9999.95
1953,9999.95
1954,9999.95
1955,9999.95
1956,9999.95
1957,9999.95
1958,9999.95
1959,9999.95
1960,9999.95
1961,9999.95
1962,9999.95
1963,9999.95
1964,9999.95
1965,9999.95
1966,9999.95
1967,9999.95
1968,9999.95
1969,9999.95
1970,9999.95
1971,9999.95
1972,9999.95
1973,9999.95
1974,9999.95
1975,9999.95
1976,9999.95
1977,9999.95
1978,9999.95
1979,9999.95
1980,9999.95
1981,9999.95
1982,9999.95
1983,9999.95
1984,9999.95
1985,9999.95
1986,9999.95
1987,9999.95
1988,9999.95
1989,9999.95
1990,9999.95
1991,9999.95
1992,9999.95
1993,9999.95
1994,9999.95
1995,9999.95
1996,9999.95
1997,9999.95
1998,9999.95
1999,9999.95
2000,9999.95
2001,9999.95
2002,9999.95
2003,9999.95
2004,9999.95
2005,9999.95
2006,9999.95
2007,9999.95
2008,9999.95
2009,9999.95
2010,9999.95
2011,9999.95
2012,9999.95
2013,9999.95
2014,9999.95
2015,9999.95
2016,9999.95
2017,9999.95
2018,9999.95
2019,9999.95
2020,9999.95
2021,9999.95
2022,9999.95
2023,9999.95
2024,9999.95
2025,9999.95
2026,9999.95
2027,9999.95
2028,9999.95
2029,9999.95
2030,9999.95
2031,9999.95
2032,9999.95
2033,9999.95
2034,9999.95
2035,9999.95
2036,9999.95
2037,9999.95
2038,9999.95
2039,9999.95
2040,9999.95
2041,9999.95
2042,9999.95
2043,9999.95
2044,9999.95
2045,9999.95
2046,9999.95
2047,9999.95
2048,9999.95
2049,9999.95
2050,9999.95
2051,9999.95
2052,9999.95
2053,9999.95
2054,9999.95
2055,9999.95
2056,9999.95
2057,9999.95
2058,9999.95
2059,9999.95
2060,9999.95
2061,9999.95
2062,9999.95
2063,9999.95
2064,9999.95
2065,9999.95
2066,9999.95
2067,9999.95
2068,9999.95
2069,9999.95
2070,9999.95
2071,9999.95
2072,9999.95
2073,9999.95
2074,9999.95
2075,9999.95
2076,9999.95
2077,9999.95
2078,9999.95
2079,9999.95
2080,9999.95
2081,9999.95
2082,9999.95
2083,9999.95
2084,9999.95
2085,9999.95
2086,9999.95
2087,9999.95
2088,9999.95
2089,9999.95
2090,9999.95
2091,9999.95
2092,9999.95
2093,9999.95
2094,9999.95
2095,9999.95
2096,9999.95
2097,9999.95
2098,9999.95
2099,9999.95
2100,9999.95
2101,9999.95
2102,9999.95
2102.51,9999.95
2102.66,9999.91
2103,9999.91
2103.66,9999.91
2103.68,9999.91
2104,9999.91
2104.66,9999.91
2104.92,9999.91
2105,9999.91
2106,9999.91
2107,9999.91
2108,9999.91
2109,9999.91
2110,9999.91
2111,9999.91
2112,9999.91
2113,9999.91
2114,9999.91
2115,9999.91
2116,9999.91
2117,9999.91
2118,9999.91
2119,9999.91
2120,9999.91
2121,9999.91
2122,9999.91
2123,9999.91
2124,9999.91
2125,9999.91
2126,9999.91
2127,9999.91
2128,9999.91
2129,9999.91
2130,9999.91
2131,9999.91
2132,9999.91
2133,9999.91
2134,9999.91
2135,9999.91
2136,9999.91
2137,9999.91
2138,9999.91
2139,9999.91
2140,9999.91
2141,9999.91
2142,9999.91
2143,9999.91
2144,9999.91
2145,9999.91
2146,9999.91
2147,9999.91
2148,9999.91
2149,9999.91
2150,9999.91
2151,9999.91
2152,9999.91
2153,9999.91
2154,9999.91
2155,9999.91
2156,9999.91
2157,9999.91
2158,9999.91
2159,9999.91
2160,9999.91
2161,9999.91
2162,9999.91
2163,9999.91
2164,9999.91
2165,9999.91
2166,9999.91
2167,9999.91
2168,9999.91
2169,9999.91
2170,9999.91
2171,9999.91
2172,9999.91
2173,9999.91
2174,9999.91
2175,9999.91
2176,9999.91
2177,9999.91
2178,9999.91
2179,9999.91
2180,9999.91
2181,9999.91
2182,9999.91
2183,9999.91
2184,9999.91
2185,9999.91
2186,9999.91
2187,9999.91
2188,9999.91
2189,9999.91
2190,9999.91
2191,9999.91
2192,9999.91
2193,9999.91
2194,9999.91
2195,9999.91
2196,9999.91
2197,9999.91
2198,9999.91
2199,9999.91
2200,9999.91
2201,9999.91
2202,9999.91
2203,9999.91
2204,9999.91
2205,9999.91
2206,9999.91
2207,9999.91
2208,9999.91
2209,9999.91
2210,9999.91
2211,9999.91
2212,9999.91
2213,9999.91
2214,9999.91
2215,9999.91
2216,9999.91
2217,9999.91
2218,9999.91
2219,9999.91
2220,9999.91
2221,9999.91
2222,9999.91
2223,9999.91
2224,9999.91
2225,9999.91
2226,9999.91
2227,9999.91
2228,9999.91
2229,9999.91
2230,9999.91
2231,9999.91
2232,9999.91
2233,9999.91
2234,9999.91
2235,9999.91
2236,9999.91
2237,9999.91
2238,9999.91
2239,9999.91
2240,9999.91
2241,9999.91
2242,9999.91
2243,9999.91
2244,9999.91
2245,9999.91
2246,9999.91
2247,9999.91
2248,9999.91
2249,9999.91
2250,9999.91
2251,9999.91
2252,9999.91
2253,9999.91
2254,9999.91
2255,9999.91
2256,9999.91
2257,9999.91
2258,9999.91
2259,9999.91
2260,9999.91
2261,9999.91
2262,9999.91
2263,9999.91
2264,9999.91
2265,9999.91
2266,9999.91
2267,9999.91
2268,9999.91
2269,9999.91
2270,9999.91
2271,9999.91
2272,9999.91
2273,9999.91
2274,9999.91
2275,9999.91
2276,9999.91
2277,9999.91
2278,9999.91
2279,9999.91
2280,9999.91
2281,9999.91
2282,9999.91
2283,9999.91
2284,9999.91
2285,9999.91
2286,9999.91
2287,9999.91
2288,9999.91
2289,9999.91
2290,9999.91
2291,9999.91
2292,9999.91
2293,9999.91
2294,9999.91
2295,9999.91
2296,9999.91
2297,9999.91
2298,9999.91
2299,9999.91
2300,9999.91
2301,9999.91
2302,9999.91
2303,9999.91
2304,9999.91
2305,9999.91
2306,9999.91
2307,9999.91
2308,9999.91
2309,9999.91
2310,9999.91
2311,9999.91
2312,9999.91
2313,9999.91
2314,9999.91
2315,9999.91
2316,9999.91
2317,9999.91
2318,9999.91
2319,9999.91
2320,9999.91
2321,9999.91
2322,9999.91
2323,9999.91
2324,9999.91
2325,9999.91
2326,9999.91
2327,9999.91
2328,9999.91
2329,9999.91
2330,9999.91
2331,9999.91
2332,9999.91
2333,9999.91
2334,9999.91
2335,9999.91
2336,9999.91
2337,9999.91
2338,9999.91
2339,9999.91
2340,9999.91
2341,9999.91
2342,9999.91
2343,9999.91
2344,9999.91
2345,9999.91
2346,9999.91
2347,9999.91
2348,9999.91
2349,9999.91
2350,9999.91
2351,9999.91
2352,9999.91
2353,9999.91
2354,9999.91
2355,9999.91
2356,9999.91
2357,9999.91
2358,9999.91
2359,9999.91
2360,9999.91
2361,9999.91
2362,9999.91
2363,9999.91
2364,9999.91
2365,9999.91
2366,9999.91
2367,9999.91
2368,9999.91
2369,9999.91
2370,9999.91
2371,9999.91
2372,9999.91
2373,9999.91
2374,9999.91
2375,9999.91
2376,9999.91
2377,9999.91
2378,9999.91
2379,9999.91
2380,9999.91
2381,9999.91
2382,9999.91
2383,9999.91
2384,9999.91
2385,9999.91
2386,9999.91
2387,9999.91
2388,9999.91
2389,9999.91
2390,9999.91
2391,9999.91
2392,9999.91
2393,9999.91
2394,9999.91
2395,9999.91
2396,9999.91
2397,9999.91
2398,9999.91
2399,9999.91
2400,9999.91
2401,9999.91
2402,9999.91
2403,9999.91
2404,9999.91
2405,9999.91
2406,9999.91
2407,9999.91
2408,9999.91
2409,9999.91
2410,9999.91
2411,9999.91
2412,9999.91
2413,9999.91
2414,9999.91
2415,9999.91
2416,9999.91
2417,9999.91
2418,9999.91
2419,9999.91
2420,9999.91
2421,9999.91
2422,9999.91
2423,9999.91
2424,9999.91
2425,9999.91
2426,9999.91
2427,9999.91
2428,9999.91
2429,9999.91
2430,9999.91
2431,9999.91
2432,9999.91
2433,9999.91
2434,9999.91
2435,9999.91
2436,9999.91
2437,9999.91
2438,9999.91
2439,9999.91
2440,9999.91
2441,9999.91
2442,9999.91
2443,9999.91
2444,9999.91
2445,9999.91
2446,9999.91
2447,9999.91
2448,9999.91
2449,9999.91
2450,9999.91
2451,9999.91
2452,9999.91
2453,9999.91
2454,9999.91
2455,9999.91
2456,9999.91
2457,9999.91
2458,9999.91
2459,9999.91
2460,9999.91
2461,9999.91
2462,9999.91
2463,9999.91
2464,9999.91
2465,9999.91
2466,9999.91
2467,9999.91
2468,9999.91
2469,9999.91
2470,9999.91
2471,9999.91
2472,9999.91
2473,9999.91
2474,9999.91
2475,9999.91
2476,9999.91
2477,9999.91
2478,9999.91
2479,9999.91
2480,9999.91
2481,9999.91
2482,9999.91
2483,9999.91
2484,9999.91
2485,9999.91
2486,9999.91
2487,9999.91
2488,9999.91
2489,9999.91
2490,9999.91
2491,9999.91
2492,9999.91
2493,9999.91
2494,9999.91
2495,9999.91
2496,9999.91
2497,9999.91
2498,9999.91
2499,9999.91
2500,9999.91
2501,9999.91
2502,9999.91
2503,9999.91
2504,9999.91
2505,9999.91
2506,9999.91
2507,9999.91
2508,9999.91
2509,9999.91
2510,9999.91
2511,9999.91
2512,9999.91
2513,9999.91
2514,9999.91
2515,9999.91
2516,9999.91
2517,9999.91
2518,9999.91
2519,9999.91
2520,9999.91
2521,9999.91
2522,9999.91
2523,9999.91
2524,9999.91
2525,9999.91
2526,9999.91
2527,9999.91
2528,9999.91
2529,9999.91
2530,9999.91
2531,9999.91
2532,9999.91
2533,9999.91
2534,9999.91
2535,9999.91
2536,9999.91
2537,9999.91
2538,9999.91
2539,9999.91
2540,9999.91
2541,9999.91
2542,9999.91
2543,9999.91
2544,9999.91
2545,9999.91
2546,9999.91
2547,9999.91
2548,9999.91
2549,9999.91
2550,9999.91
2551,9999.91
2552,9999.91
2553,9999.91
2554,9999.91
2555,9999.91
2556,9999.91
2557,9999.91
2558,9999.91
2559,9999.91
2560,9999.91
2561,9999.91
2562,9999.91
2563,9999.91
2564,9999.91
2565,9999.91
2566,9999.91
2567,9999.91
2568,9999.91
2569,9999.91
2570,9999.91
2571,9999.91
2572,9999.91
2573,9999.91
2574,9999.91
2575,9999.91
2576,9999.91
2577,9999.91
2578,9999.91
2579,9999.91
2580,9999.91
2581,9999.91
2582,9999.91
2583,9999.91
2584,9999.91
2585,9999.91
2586,9999.91
2587,9999.91
2588,9999.91
2589,9999.91
2590,9999.91
2591,9999.91
2592,9999.91
2593,9999.91
2594,9999.91
2595,9999.91
2596,9999.91
2597,9999.91
2598,9999.91
2599,9999.91
2600,9999.91
2601,9999.91
2602,9999.91
2603,9999.91
2604,9999.91
2605,9999.91
2606,9999.91
2607,9999.91
2608,9999.91
2609,9999.91
2610,9999.91
2611,9999.91
2612,9999.91
2613,9999.91
2614,9999.91
2615,9999.91
2616,9999.91
2617,9999.91
2618,9999.91
2619,9999.91
2620,9999.91
2621,9999.91
2622,9999.91
2623,9999.91
2624,9999.91
2625,9999.91
2626,9999.91
2627,9999.91
2628,9999.91
2629,9999.91
2630,9999.91
2631,9999.91
2632,9999.91
2633,9999.91
2634,9999.91
2635,9999.91
2636,9999.91
2637,9999.91
2638,9999.91
2639,9999.91
2640,9999.91
2641,9999.91
2642,9999.91
2643,9999.91
2644,9999.91
2645,9999.91
2646,9999.91
2647,9999.91
2648,9999.91
2649,9999.91
2650,9999.91
2651,9999.91
2652,9999.91
2653,9999.91
2654,9999.91
2655,9999.91
2656,9999.91
2657,9999.91
2658,9999.91
2659,9999.91
2660,9999.91
2661,9999.91
2662,9999.91
2663,9999.91
2664,9999.91
2665,9999.91
2666,9999.91
2667,9999.91
2668,9999.91
2669,9999.91
2670,9999.91
2671,9999.91
2672,9999.91
2673,9999.91
2674,9999.91
2675,9999.91
2676,9999.91
2677,9999.91
2678,9999.91
2679,9999.91
2680,9999.91
2681,9999.91
2682,9999.91
2683,9999.91
2684,9999.91
2685,9999.91
2686,9999.91
2687,9999.91
2688,9999.91
2689,9999.91
2690,9999.91
2691,9999.91
2692,9999.91
2693,9999.91
2694,9999.91
2695,9999.91
2696,9999.91
2697,9999.91
2698,9999.91
2699,9999.91
2700,9999.91
2701,9999.91
2702,9999.91
2703,9999.91
2704,9999.91
2705,9999.91
2706,9999.91
2707,9999.91
2708,9999.91
2709,9999.91
2710,9999.91
2711,9999.91
2712,9999.91
2713,9999.91
2714,9999.91
2715,9999.91
2716,9999.91
2717,9999.91
2718,9999.91
2719,9999.91
2720,9999.91
2721,9999.91
2722,9999.91
2723,9999.91
2724,9999.91
2725,9999.91
2726,9999.91
2727,9999.91
2728,9999.91
2729,9999.91
2730,9999.91
2731,9999.91
2732,9999.91
2733,9999.91
2734,9999.91
2735,9999.91
2736,9999.91
2737,9999.91
2738,9999.91
2739,9999.91
2740,9999.91
2741,9999.91
2742,9999.91
2743,9999.91
2744,9999.91
2745,9999.9
2746,9999.9
2747,9999.9
2748,9999.9
2749,9999.9
2750,9999.9
2751,9999.9
2752,9999.9
2753,9999.9
2754,9999.9
2755,9999.9
2756,9999.9
2757,9999.9
2758,9999.9
2759,9999.9
2760,9999.9
2761,9999.9
2762,9999.9
2763,9999.9
2764,9999.9
2765,9999.9
2766,9999.9
2767,9999.9
2768,9999.9
2769,9999.9
2770,9999.9
2771,9999.9
2772,9999.9
2773,9999.9
2774,9999.9
2775,9999.9
2776,9999.9
2777,9999.9
2778,9999.9
2779,9999.9
2780,9999.9
2781,9999.9
2782,9999.9
2783,9999.9
2784,9999.9
2785,9999.9
2786,9999.9
2787,9999.9
2788,9999.9
2789,9999.9
2790,9999.9
2791,9999.9
2792,9999.9
2793,9999.9
2794,9999.9
2795,9999.9
2796,9999.9
2797,9999.9
2798,9999.9
2799,9999.9
2800,9999.9
2801,9999.9
2802,9999.9
2803,9999.9
2804,9999.9
2805,9999.9
2806,9999.9
2807,9999.9
2808,9999.9
2809,9999.9
2810,9999.9
2811,9999.9
2812,9999.9
2813,9999.9
2814,9999.9
2815,9999.9
2816,9999.9
2817,9999.9
2818,9999.9
2819,9999.9
2820,9999.9
2821,9999.9
2822,9999.9
2823,9999.9
2824,9999.9
2825,9999.9
2826,9999.9
2827,9999.9
2828,9999.9
2829,9999.9
2830,9999.9
2831,9999.9
2832,9999.9
2833,9999.9
2834,9999.9
2835,9999.9
2836,9999.9
2837,9999.9
2838,9999.9
2839,9999.9
2840,9999.9
2841,9999.9
2842,9999.9
2843,9999.9
2844,9999.9
2845,9999.9
2846,9999.9
2847,9999.9
2848,9999.9
2849,9999.9
2850,9999.9
2851,9999.9
2852,9999.9
2853,9999.9
2854,9999.9
2855,9999.9
2856,9999.9
2857,9999.9
2858,9999.9
2859,9999.9
2860,9999.9
2861,9999.9
2862,9999.9
2863,9999.9
2864,9999.9
2865,9999.9
2866,9999.9
2867,9999.9
2868,9999.9
2869,9999.9
2870,9999.9
2871,9999.9
2872,9999.9
2873,9999.9
2874,9999.9
2875,9999.9
2876,9999.9
2877,9999.9
2878,9999.9
2879,9999.9
2880,9999.9
2881,9999.9
2882,9999.9
2883,9999.9
2884,9999.9
2885,9999.9
2886,9999.9
2887,9999.9
2888,9999.9
2889,9999.9
2890,9999.9
2891,9999.9
2892,9999.9
2893,9999.9
2894,9999.9
2895,9999.9
2896,9999.9
2897,9999.9
2898,9999.9
2899,9999.9
2900,9999.9
2901,9999.9
2902,9999.9
2903,9999.9
2904,9999.9
2905,9999.9
2906,9999.9
2907,9999.9
2908,9999.9
2909,9999.9
2910,9999.9
2911,9999.9
2912,9999.9
2913,9999.9
2914,9999.9
2915,9999.9
2916,9999.9
2917,9999.9
2918,9999.9
2919,9999.9
2920,9999.9
2921,9999.9
2922,9999.9
2923,9999.9
2924,9999.9
2925,9999.9
2926,9999.9
2927,9999.9
2928,9999.9
2929,9999.9
2930,9999.9
2931,9999.9
2932,9999.9
2933,9999.9
2934,9999.9
2935,9999.9
2936,9999.9
2937,9999.9
2938,9999.9
2939,9999.9
2940,9999.9
2941,9999.9
2942,9999.9
2943,9999.9
2944,9999.9
2945,9999.9
2946,9999.9
2947,9999.9
2948,9999.9
2949,9999.9
2950,9999.9
2951,9999.9
2952,9999.9
2953,9999.9
2954,9999.9
2955,9999.9
2956,9999.9
2957,9999.9
2958,9999.9
2959,9999.9
2960,9999.9
2961,9999.9
2962,9999.9
2963,9999.9
2964,9999.9
2965,9999.9
2966,9999.9
2967,9999.9
2968,9999.9
2969,9999.9
2970,9999.9
2971,9999.9
2972,9999.9
2973,9999.9
2974,9999.9
2975,9999.9
2976,9999.9
2977,9999.9
2978,9999.9
2979,9999.9
2980,9999.9
2981,9999.9
2982,9999.9
2983,9999.9
2984,9999.9
2985,9999.9
2986,9999.9
2987,9999.9
2988,9999.9
2989,9999.9
2990,9999.9
2991,9999.9
2992,9999.9
2993,9999.9
2994,9999.9
2995,9999.9
2996,9999.9
2997,9999.9
2998,9999.9
2999,9999.9
3000,9999.9
3001,9999.9
3002,9999.9
3003,9999.9
3004,9999.9
3005,9999.9
3006,9999.9
3007,9999.9
3008,9999.9
3009,9999.9
3010,9999.9
3011,9999.9
3012,9999.9
3013,9999.9
3014,9999.9
3015,9999.9
3016,9999.9
3017,9999.9
3018,9999.9
3019,9999.9
3020,9999.9
3021,9999.9
3022,9999.9
3023,9999.9
3024,9999.9
3025,9999.9
3026,9999.9
3027,9999.9
3028,9999.9
3029,9999.9
3030,9999.9
3031,9999.9
3032,9999.9
3033,9999.9
3034,9999.9
3035,9999.9
3036,9999.9
3037,9999.9
3038,9999.9
3039,9999.9
3040,9999.9
3041,9999.9
3042,9999.9
3043,9999.9
3044,9999.9
3045,9999.9
3046,9999.9
3047,9999.9
3048,9999.9
3049,9999.9
3050,9999.9
3051,9999.9
3052,9999.9
3053,9999.9
3054,9999.9
3055,9999.9
3056,9999.9
3057,9999.9
3058,9999.9
3059,9999.9
3060,9999.9
3061,9999.9
3062,9999.9
3063,9999.9
3064,9999.9
3065,9999.9
3066,9999.9
3067,9999.9
3068,9999.9
3069,9999.9
3070,9999.9
3071,9999.9
3072,9999.9
3073,9999.9
3074,9999.9
3075,9999.9
3076,9999.9
3077,9999.9
3078,9999.9
3079,9999.9
3080,9999.9
3081,9999.9
3082,9999.9
3083,9999.9
3084,9999.9
3085,9999.9
3086,9999.9
3087,9999.9
3088,9999.9
3089,9999.9
3090,9999.9
3091,9999.9
3092,9999.9
3093,9999.9
3094,9999.9
3095,9999.9
3096,9999.9
3097,9999.9
3098,9999.9
3099,9999.9
3100,9999.9
3101,9999.9
3102,9999.9
3103,9999.9
3104,9999.9
3105,9999.9
3106,9999.9
3107,9999.9
3108,9999.9
3109,9999.9
3110,9999.9
3111,9999.9
3112,9999.9
3113,9999.9
3114,9999.9
3115,9999.9
3116,9999.9
3117,9999.9
3118,9999.9
3119,9999.9
3120,9999.9
3121,9999.9
3122,9999.9
3123,9999.9
3124,9999.9
3125,9999.9
3126,9999.9
3127,9999.9
3128,9999.9
3129,9999.9
3130,9999.9
3131,9999.9
3132,9999.9
3133,9999.9
3134,9999.9
3135,9999.9
3136,9999.9
3137,9999.9
3138,9999.9
3139,9999.9
3140,9999.9
3141,9999.9
3142,9999.9
3143,9999.9
3144,9999.9
3145,9999.9
3146,9999.9
3147,9999.9
3148,9999.9
3149,9999.9
3150,9999.9
3151,9999.9
3152,9999.9
3153,9999.9
3154,9999.9
3155,9999.9
3156,9999.9
3157,9999.9
3158,9999.9
3159,9999.9
3160,9999.9
3161,9999.9
3162,9999.9
3163,9999.9
3164,9999.9
3165,9999.9
3166,9999.9
3167,9999.9
3168,9999.9
3169,9999.9
3170,9999.9
3171,9999.9
3172,9999.9
3173,9999.9
3174,9999.9
3175,9999.9
3176,9999.9
3177,9999.9
3178,9999.9
3179,9999.9
3180,9999.9
3181,9999.9
3182,9999.9
3183,9999.9
3184,9999.9
3185,9999.9
3186,9999.9
3187,9999.9
3188,9999.9
3189,9999.9
3190,9999.9
3191,9999.9
3192,9999.9
3193,9999.9
3194,9999.9
3195,9999.9
3196,9999.9
3197,9999.9
3198,9999.9
3199,9999.9
3200,9999.9
3201,9999.9
3202,9999.9
3203,9999.9
3204,9999.9
3205,9999.9
3206,9999.9
3207,9999.9
3208,9999.9
3209,9999.9
3210,9999.9
3211,9999.9
3212,9999.9
3213,9999.9
3214,9999.9
3215,9999.9
3216,9999.9
3217,9999.9
3218,9999.9
3219,9999.9
3220,9999.9
3221,9999.9
3222,9999.9
3223,9999.9
3224,9999.9
3225,9999.9
3226,9999.9
3227,9999.9
3228,9999.9
3229,9999.9
3230,9999.9
3231,9999.9
3232,9999.9
3233,9999.9
3234,9999.9
3235,9999.9
3236,9999.9
3237,9999.9
3238,9999.9
3239,9999.9
3240,9999.9
3241,9999.9
3242,9999.9
3243,9999.9
3244,9999.9
3245,9999.9
3246,9999.9
3247,9999.9
3248,9999.9
3249,9999.9
3250,9999.9
3251,9999.9
3252,9999.9
3253,9999.9
3254,9999.9
3255,9999.9
3256,9999.9
3257,9999.9
3258,9999.9
3259,9999.9
3260,9999.9
3261,9999.9
3262,9999.9
3263,9999.9
3264,9999.9
3265,9999.9
3266,9999.9
3267,9999.9
3268,9999.9
3269,9999.9
3270,9999.9
3271,9999.9
3272,9999.9
3273,9999.9
3274,9999.9
3275,9999.9
3276,9999.9
3277,9999.9
3278,9999.9
3279,9999.9
3280,9999.9
3281,9999.9
3282,9999.9
3283,9999.9
3284,9999.9
3285,9999.9
3286,9999.9
3287,9999.9
3288,9999.9
3289,9999.9
3290,9999.9
3291,9999.9
3292,9999.9
3293,9999.9
3294,9999.9
3295,9999.9
3296,9999.9
3297,9999.9
3298,9999.9
3299,9999.9
3300,9999.9
3301,9999.9
3302,9999.9
3303,9999.9
3304,9999.9
3305,9999.9
3306,9999.9
3307,9999.9
3308,9999.9
3309,9999.9
3310,9999.9
3311,9999.9
3312,9999.9
3313,9999.9
3314,9999.9
3315,9999.9
3316,9999.9
3317,9999.9
3318,9999.9
3319,9999.9
3320,9999.9
3321,9999.9
3322,9999.9
3323,9999.9
3324,9999.9
3325,9999.9
3326,9999.9
3327,9999.9
3328,9999.9
3329,9999.9
3330,9999.9
3331,9999.9
3332,9999.9
3333,9999.9
3334,9999.9
3335,9999.9
3336,9999.9
3337,9999.9
3338,9999.9
3339,9999.9
3340,9999.9
3341,9999.9
3342,9999.9
3343,9999.9
3344,9999.9
3345,9999.9
3346,9999.9
3347,9999.9
3348,9999.9
3349,9999.9
3350,9999.9
3351,9999.9
3352,9999.9
3353,9999.9
3354,9999.9
3355,9999.9
3356,9999.9
3357,9999.9
3358,9999.9
3359,9999.9
3360,9999.9
3361,9999.9
3362,9999.9
3363,9999.9
3364,9999.9
3365,9999.9
3366,9999.9
3367,9999.9
3368,9999.9
3369,9999.9
3370,9999.9
3371,9999.9
3372,9999.9
3373,9999.9
3374,9999.9
3375,9999.9
3376,9999.9
3377,9999.9
3378,9999.9
3379,9999.9
3380,9999.9
3381,9999.9
3382,9999.9
3383,9999.9
3384,9999.9
3385,9999.9
3386,9999.9
3387,9999.9
3388,9999.9
3389,9999.9
3390,9999.9
3391,9999.9
3392,9999.9
3393,9999.9
3394,9999.9
3395,9999.9
3396,9999.9
3397,9999.9
3398,9999.9
3399,9999.9
3400,9999.9
3401,9999.9
3402,9999.9
3403,9999.9
3404,9999.9
3405,9999.9
3406,9999.9
3407,9999.9
3408,9999.9
3409,9999.9
3410,9999.9
3411,9999.9
3412,9999.9
3413,9999.9
3414,9999.9
3415,9999.9
3416,9999.9
3417,9999.9
3418,9999.9
3419,9999.9
3420,9999.9
3421,9999.9
3422,9999.9
3423,9999.9
3424,9999.9
3425,9999.9
3426,9999.9
3427,9999.9
3428,9999.9
3429,9999.9
3430,9999.9
3431,9999.9
3432,9999.9
3433,9999.9
3434,9999.9
3435,9999.9
3436,9999.9
3437,9999.9
3438,9999.9
3439,9999.9
3440,9999.9
3441,9999.9
3442,9999.9
3443,9999.9
3444,9999.9
3445,9999.9
3446,9999.9
3447,9999.9
3448,9999.9
3449,9999.9
3450,9999.9
3451,9999.9
3452,9999.9
3453,9999.9
3454,9999.9
3455,9999.9
3456,9999.9
3457,9999.9
3458,9999.9
3459,9999.9
3460,9999.9
3461,9999.9
3462,9999.9
3463,9999.9
3464,9999.9
3465,9999.9
3466,9999.9
3467,9999.9
3468,9999.9
3469,9999.9
3470,9999.9
3471,9999.9
3472,9999.9
3473,9999.9
3474,9999.9
3475,9999.9
3476,9999.9
3477,9999.9
3478,9999.9
3479,9999.9
3480,9999.9
3481,9999.9
3482,9999.9
3483,9999.9
3484,9999.9
3485,9999.9
3486,9999.9
3487,9999.9
3488,9999.9
3489,9999.9
3490,9999.9
3491,9999.9
3492,9999.9
3493,9999.9
3494,9999.9
3495,9999.9
3496,9999.9
3497,9999.9
3498,9999.9
3499,9999.9
3500,9999.9
3501,9999.9
3502,9999.9
3503,9999.9
3504,9999.9
3505,9999.9
3506,9999.9
3507,9999.9
3508,9999.9
3509,9999.9
3510,9999.9
3511,9999.9
3512,9999.9
3513,9999.9
3514,9999.9
3515,9999.9
3516,9999.9
3517,9999.9
3518,9999.9
3519,9999.9
3520,9999.9
3521,9999.9
3522,9999.9
3523,9999.9
3524,9999.9
3525,9999.9
3526,9999.9
3527,9999.9
3528,9999.9
3529,9999.9
3530,9999.9
3531,9999.9
3532,9999.9
3533,9999.9
3534,9999.9
3535,9999.9
3536,9999.9
3537,9999.9
3538,9999.9
3539,9999.9
3540,9999.9
3541,9999.9
3542,9999.9
3543,9999.9
3544,9999.9
3545,9999.9
3546,9999.9
3547,9999.9
3548,9999.9
3549,9999.9
3550,9999.9
3551,9999.9
3552,9999.9
3553,9999.9
3554,9999.9
3555,9999.9
3556,9999.9
3557,9999.9
3558,9999.9
3559,9999.9
3560,9999.9
3561,9999.9
3562,9999.9
3563,9999.9
3564,9999.9
3565,9999.9
3566,9999.9
3567,9999.9
3568,9999.9
3569,9999.9
3570,9999.9
3571,9999.9
3572,9999.9
3573,9999.9
3574,9999.9
3575,9999.9
3576,9999.9
3577,9999.9
3578,9999.9
3579,9999.9
3580,9999.9
3581,9999.9
3582,9999.9
3583,9999.9
3584,9999.9
3585,9999.9
3586,9999.9
3587,9999.9
3588,9999.9
3589,9999.9
3590,9999.9
3591,9999.9
3592,9999.9
3593,9999.9
3594,9999.9
3595,9999.9
3596,9999.9
3597,9999.9
3598,9999.9
3599,9999.9
3600,9999.9
3601,9999.9
3602,9999.9
3603,9999.9
3604,9999.9
3605,9999.9
3606,9999.9
3607,9999.9
3608,9999.9
3609,9999.9
3610,9999.9
3611,9999.9
3612,9999.9
3613,9999.9
3614,9999.9
3615,9999.9
3616,9999.9
3617,9999.9
3618,9999.9
3619,9999.9
3620,9999.9
3621,9999.9
3622,9999.9
3623,9999.9
3624,9999.9
3625,9999.9
3626,9999.9
3627,9999.9
3628,9999.9
3629,9999.9
3630,9999.9
3631,9999.9
3632,9999.9
3633,9999.9
3634,9999.9
3635,9999.9
3636,9999.9
3637,9999.9
3638,9999.9
3639,9999.9
3640,9999.9
3641,9999.9
3642,9999.9
3643,9999.9
3644,9999.9
3645,9999.9
3646,9999.9
3647,9999.9
3648,9999.9
3649,9999.9
3650,9999.9
3651,9999.9
3652,9999.9
3653,9999.9
3654,9999.9
3655,9999.9
3656,9999.9
3657,9999.9
3658,9999.9
3659,9999.9
3660,9999.9
3661,9999.9
3662,9999.9
3663,9999.9
3664,9999.9
3665,9999.9
3666,9999.9
3667,9999.9
3668,9999.9
3669,9999.9
3670,9999.9
3671,9999.9
3672,9999.9
3673,9999.9
3674,9999.9
3675,9999.9
3676,9999.9
3677,9999.9
3678,9999.9
3679,9999.9
3680,9999.9
3681,9999.9
3682,9999.9
3683,9999.9
3684,9999.9
3685,9999.9
3686,9999.9
3687,9999.9
3688,9999.9
3689,9999.9
3690,9999.9
3691,9999.9
3692,9999.9
3693,9999.9
3694,9999.9
3695,9999.9
3696,9999.9
3697,9999.9
3698,9999.9
3699,9999.9
3700,9999.9
3701,9999.9
3702,9999.9
3703,9999.9
3704,9999.9
3705,9999.9
3706,9999.9
3707,9999.9
3708,9999.9
3709,9999.9
3710,9999.9
3711,9999.9
3712,9999.9
3713,9999.9
3714,9999.9
3715,9999.9
3716,9999.9
3717,9999.9
3718,9999.9
3719,9999.9
3720,9999.9
3721,9999.9
3722,9999.9
3723,9999.9
3724,9999.9
3725,9999.9
3726,9999.9
3727,9999.9
3728,9999.9
3729,9999.9
3730,9999.9
3731,9999.9
3732,9999.9
3733,9999.9
3734,9999.9
3735,9999.9
3736,9999.9
3737,9999.9
3738,9999.9
3739,9999.9
3740,9999.9
3741,9999.9
3742,9999.9
3743,9999.9
3744,9999.9
3745,9999.9
3746,9999.9
3747,9999.9
3748,9999.9
3749,9999.9
3750,9999.9
3751,9999.9
3752,9999.9
3753,9999.9
3754,9999.9
3755,9999.9
3756,9999.9
3757,9999.9
3758,9999.9
3759,9999.9
3760,9999.9
3761,9999.9
3762,9999.9
3763,9999.9
3764,9999.9
3765,9999.9
3766,9999.9
3767,9999.9
3768,9999.9
3769,9999.9
3770,9999.9
3771,9999.9
3772,9999.9
3773,9999.9
3774,9999.9
3775,9999.9
3776,9999.9
3777,9999.9
3778,9999.9
3779,9999.9
3780,9999.9
3781,9999.9
3782,9999.9
3783,9999.9
3784,9999.9
3785,9999.9
3786,9999.9
3787,9999.9
3788,9999.9
3789,9999.9
3790,9999.9
3791,9999.9
3792,9999.9
3793,9999.9
3794,9999.9
3795,9999.9
3796,9999.9
3797,9999.9
3798,9999.9
3799,9999.9
3800,9999.9
3801,9999.9
3802,9999.9
3803,9999.9
3804,9999.9
3805,9999.9
3806,9999.9
3807,9999.9
3808,9999.9
3809,9999.9
3810,9999.9
3811,9999.9
3812,9999.9
3813,9999.9
3814,9999.9
3815,9999.9
3816,9999.9
3817,9999.9
3818,9999.9
3819,9999.9
3820,9999.9
3821,9999.9
3822,9999.9
3823,9999.9
3824,9999.9
3825,9999.9
3826,9999.9
3827,9999.9
3828,9999.9
3829,9999.9
3830,9999.9
3831,9999.9
3832,9999.9
3833,9999.9
3834,9999.9
3835,9999.9
3836,9999.9
3837,9999.9
3838,9999.9
3839,9999.9
3840,9999.9
3841,9999.9
3842,9999.9
3843,9999.9
3844,9999.9
3845,9999.9
3846,9999.9
3847,9999.9
3848,9999.9
3849,9999.9
3850,9999.9
3851,9999.9
3852,9999.9
3853,9999.9
3854,9999.9
3855,9999.9
3856,9999.9
3857,9999.9
3858,9999.9
3859,9999.9
3860,9999.9
3861,9999.9
3862,9999.9
3863,9999.9
3864,9999.9
3865,9999.9
3866,9999.9
3867,9999.9
3868,9999.9
3869,9999.9
3870,9999.9
3871,9999.9
3872,9999.9
3873,9999.9
3874,9999.9
3875,9999.9
3876,9999.9
3877,9999.9
3878,9999.9
3879,9999.9
3880,9999.9
3881,9999.9
3882,9999.9
3883,9999.9
3884,9999.9
3885,9999.9
3886,9999.9
3887,9999.9
3888,9999.9
3889,9999.9
3890,9999.9
3891,9999.9
3892,9999.9
3893,9999.9
3894,9999.9
3895,9999.9
3896,9999.9
3897,9999.9
3898,9999.9
3899,9999.9
3900,9999.9
3901,9999.9
3902,9999.9
3903,9999.9
3904,9999.9
3905,9999.9
3906,9999.9
3907,9999.9
3908,9999.9
3909,9999.9
3910,9999.9
3911,9999.9
3912,9999.9
3913,9999.9
3914,9999.9
3915,9999.9
3916,9999.9
3917,9999.9
3918,9999.9
3919,9999.9
3920,9999.9
3921,9999.9
3922,9999.9
3923,9999.9
3924,9999.9
3925,9999.9
3926,9999.9
3927,9999.9
3928,9999.9
3929,9999.9
3930,9999.9
3931,9999.9
3932,9999.9
3933,9999.9
3934,9999.9
3935,9999.9
3936,9999.9
3937,9999.9
3938,9999.9
3939,9999.9
3940,9999.9
3941,9999.9
3942,9999.9
3943,9999.9
3944,9999.9
3945,9999.9
3946,9999.9
3947,9999.9
3948,9999.9
3949,9999.9
3950,9999.9
3951,9999.9
3952,9999.9
3953,9999.9
3954,9999.9
3955,9999.9
3956,9999.9
3957,9999.9
3958,9999.9
3959,9999.9
3960,9999.9
3961,9999.9
3962,9999.9
3963,9999.9
3964,9999.9
3965,9999.9
3966,9999.9
3967,9999.9
3968,9999.9
3969,9999.9
3970,9999.9
3971,9999.9
3972,9999.9
3973,9999.9
3974,9999.9
3975,9999.9
3976,9999.9
3977,9999.9
3978,9999.9
3979,9999.9
3980,9999.9
3981,9999.9
3982,9999.9
3983,9999.9
3984,9999.9
3985,9999.9
3986,9999.9
3987,9999.9
3988,9999.9
3989,9999.9
3990,9999.9
3991,9999.9
3992,9999.9
3993,9999.9
3994,9999.9
3995,9999.9
3996,9999.9
3997,9999.9
3998,9999.9
3999,9999.9
4000,9999.9
4001,9999.9
4002,9999.9
4003,9999.9
4004,9999.9
4005,9999.9
4006,9999.9
4007,9999.9
4008,9999.9
4009,9999.9
4010,9999.9
4011,9999.9
4012,9999.9
4013,9999.9
4014,9999.9
4015,9999.9
4016,9999.9
4017,9999.9
4018,9999.9
4019,9999.9
4020,9999.9
4021,9999.9
4022,9999.9
4023,9999.9
4024,9999.9
4025,9999.9
4026,9999.9
4027,9999.9
4028,9999.9
4029,9999.9
4030,9999.9
4031,9999.9
4032,9999.9
4033,9999.9
4034,9999.9
4035,9999.9
4036,9999.9
4037,9999.9
4038,9999.9
4039,9999.9
4040,9999.9
4041,9999.9
4042,9999.9
4043,9999.9
4044,9999.9
4045,9999.9
4046,9999.9
4047,9999.9
4048,9999.9
4049,9999.9
4050,9999.9
4051,9999.9
4052,9999.9
4053,9999.9
4054,9999.9
4055,9999.9
4056,9999.9
4057,9999.9
4058,9999.9
4059,9999.9
4060,9999.9
4061,9999.9
4062,9999.9
4063,9999.9
4064,9999.9
4065,9999.9
4066,9999.9
4067,9999.9
4068,9999.9
4069,9999.9
4070,9999.9
4071,9999.9
4072,9999.9
4073,9999.9
4074,9999.9
4075,9999.9
4076,9999.9
4077,9999.9
4078,9999.9
4079,9999.9
4080,9999.9
4081,9999.9
4082,9999.9
4083,9999.9
4084,9999.9
4085,9999.9
4086,9999.9
4087,9999.9
4088,9999.9
4089,9999.9
4090,9999.9
4091,9999.9
4092,9999.9
4093,9999.9
4094,9999.9
4095,9999.9
4096,9999.9
4097,9999.9
4098,9999.9
4099,9999.9
4100,9999.9
4101,9999.9
4102,9999.9
4103,9999.9
4104,9999.9
4105,9999.9
4106,9999.9
4107,9999.9
4108,9999.9
4109,9999.9
4110,9999.9
4111,9999.9
4112,9999.9
4113,9999.9
4114,9999.9
4115,9999.9
4116,9999.9
4117,9999.9
4118,9999.9
4119,9999.9
4120,9999.9
4121,9999.9
4122,9999.9
4123,9999.9
4124,9999.9
4125,9999.9
4126,9999.9
4127,9999.9
4128,9999.9
4129,9999.9
4130,9999.9
4131,9999.9
4132,9999.9
4133,9999.9
4134,9999.9
4135,9999.9
4136,9999.9
4137,9999.9
4138,9999.9
4139,9999.9
4140,9999.9
4141,9999.9
4142,9999.9
4143,9999.9
4144,9999.9
4145,9999.9
4146,9999.9
4147,9999.9
4148,9999.9
4149,9999.9
4150,9999.9
4151,9999.9
4152,9999.9
4153,9999.9
4154,9999.9
4155,9999.9
4156,9999.9
4157,9999.9
4158,9999.9
4159,9999.9
4160,9999.9
4161,9999.9
4162,9999.9
4163,9999.9
4164,9999.9
4165,9999.9
4166,9999.9
4167,9999.9
4168,9999.9
4169,9999.9
4170,9999.9
4171,9999.9
4172,9999.9
4173,9999.9
4174,9999.9
4175,9999.9
4176,9999.9
4177,9999.9
4178,9999.9
4179,9999.9
4180,9999.9
4181,9999.9
4182,9999.9
4183,9999.9
4184,9999.9
4185,9999.9
4186,9999.9
4187,9999.9
4188,9999.9
4189,9999.9
4190,9999.9
4191,9999.9
4192,9999.9
4193,9999.9
4194,9999.9
4195,9999.9
4196,9999.9
4197,9999.9
4198,9999.9
4199,9999.9
4200,9999.9
4201,9999.9
4202,9999.9
4203,9999.9
4204,9999.9
4205,9999.9
4206,9999.9
4207,9999.9
4208,9999.9
4209,9999.9
4210,9999.9
4211,9999.9
4212,9999.9
4213,9999.9
4214,9999.9
4215,9999.9
4216,9999.9
4217,9999.9
4218,9999.9
4219,9999.9
4220,9999.9
4221,9999.9
4222,9999.9
4223,9999.9
4224,9999.9
4225,9999.9
4226,9999.9
4227,9999.9
4228,9999.9
4229,9999.9
4230,9999.9
4231,9999.9
4232,9999.9
4233,9999.9
4234,9999.9
4235,9999.9
4236,9999.9
4237,9999.9
4238,9999.9
4239,9999.9
4240,9999.9
4241,9999.9
4242,9999.9
4243,9999.9
4244,9999.9
4245,9999.9
4246,9999.9
4247,9999.9
4248,9999.9
4249,9999.9
4250,9999.9
4251,9999.9
4252,9999.9
4253,9999.9
4254,9999.9
4255,9999.9
4256,9999.9
4257,9999.9
4258,9999.9
4259,9999.9
4260,9999.9
4261,9999.9
4262,9999.9
4263,9999.9
4264,9999.9
4265,9999.9
4266,9999.9
4267,9999.9
4268,9999.9
4269,9999.9
4270,9999.9
4271,9999.9
4272,9999.9
4273,9999.9
4274,9999.9
4275,9999.9
4276,9999.9
4277,9999.9
4278,9999.9
4279,9999.9
4280,9999.9
4281,9999.9
4282,9999.9
4283,9999.9
4284,9999.9
4285,9999.9
4286,9999.9
4287,9999.9
4288,9999.9
4289,9999.9
4290,9999.9
4291,9999.9
4292,9999.9
4293,9999.9
4294,9999.9
4295,9999.9
4296,9999.9
4297,9999.9
4298,9999.9
4299,9999.9
4300,9999.9
4301,9999.9
4302,9999.9
4303,9999.9
4304,9999.9
4305,9999.9
4306,9999.9
4307,9999.9
4308,9999.9
4309,9999.9
4310,9999.9
4311,9999.9
4312,9999.9
4313,9999.9
4314,9999.9
4315,9999.9
4316,9999.9
4317,9999.9
4318,9999.9
4319,9999.9
4320,9999.9
4321,9999.9
4322,9999.9
4323,9999.9
4324,9999.9
4325,9999.9
4326,9999.9
4327,9999.9
4328,9999.9
4329,9999.9
4330,9999.9
4331,9999.9
4332,9999.9
4333,9999.9
4334,9999.9
4335,9999.9
4336,9999.9
4337,9999.9
4338,9999.9
4339,9999.9
4340,9999.9
4341,9999.9
4342,9999.9
4343,9999.9
4344,9999.9
4345,9999.9
4346,9999.9
4347,9999.9
4348,9999.9
4349,9999.9
4350,9999.9
4351,9999.9
4352,9999.9
4353,9999.9
4354,9999.9
4355,9999.9
4356,9999.9
4357,9999.9
4358,9999.9
4359,9999.9
4360,9999.9
4361,9999.9
4362,9999.9
4363,9999.9
4364,9999.9
4365,9999.9
4366,9999.9
4367,9999.9
4368,9999.9
4369,9999.9
4370,9999.9
4371,9999.9
4372,9999.9
4373,9999.9
4374,9999.9
4375,9999.9
4376,9999.9
4377,9999.9
4378,9999.9
4379,9999.9
4380,9999.9
4381,9999.9
4382,9999.9
4383,9999.9
4384,9999.9
4385,9999.9
4386,9999.9
4387,9999.9
4388,9999.9
4389,9999.9
4390,9999.9
4391,9999.9
4392,9999.9
4393,9999.9
4394,9999.9
4395,9999.9
4396,9999.9
4397,9999.9
4398,9999.9
4399,9999.9
4400,9999.9
4401,9999.9
4402,9999.9
4403,9999.9
4404,9999.9
4405,9999.9
4406,9999.9
4407,9999.9
4408,9999.9
4409,9999.9
4410,9999.9
4411,9999.9
4412,9999.9
4413,9999.9
4414,9999.9
4415,9999.9
4416,9999.9
4417,9999.9
4418,9999.9
4419,9999.9
4420,9999.9
4421,9999.9
4422,9999.9
4423,9999.9
4424,9999.9
4425,9999.9
4426,9999.9
4427,9999.9
4428,9999.9
4429,9999.9
4430,9999.9
4431,9999.9
4432,9999.9
4433,9999.9
4434,9999.9
4435,9999.9
4436,9999.9
4437,9999.9
4438,9999.9
4439,9999.9
4440,9999.9
4441,9999.9
4442,9999.9
4443,9999.9
4444,9999.9
4445,9999.9
4446,9999.9
4447,9999.9
4448,9999.9
4449,9999.9
4450,9999.9
4451,9999.9
4452,9999.9
4453,9999.9
4454,9999.9
4455,9999.9
4456,9999.9
4457,9999.9
4458,9999.9
4459,9999.9
4460,9999.9
4461,9999.9
4462,9999.9
4463,9999.9
4464,9999.9
4465,9999.9
4466,9999.9
4467,9999.9
4468,9999.9
4469,9999.9
4470,9999.9
4471,9999.9
4472,9999.9
4473,9999.9
4474,9999.9
4475,9999.9
4476,9999.9
4477,9999.9
4478,9999.9
4479,9999.9
4480,9999.9
4481,9999.9
4482,9999.9
4483,9999.9
4484,9999.9
4485,9999.9
4486,9999.9
4487,9999.9
4488,9999.9
4489,9999.9
4490,9999.9
4491,9999.9
4492,9999.9
4493,9999.9
4494,9999.9
4495,9999.9
4496,9999.9
4497,9999.9
4498,9999.9
4499,9999.9
4500,9999.9
4501,9999.9
4502,9999.9
4503,9999.9
4504,9999.9
4505,9999.9
4506,9999.9
4507,9999.9
4508,9999.9
4509,9999.9
4510,9999.9
4511,9999.9
4512,9999.9
4513,9999.9
4514,9999.9
4515,9999.9
4516,9999.9
4517,9999.9
4518,9999.9
4519,9999.9
4520,9999.9
4521,9999.9
4522,9999.9
4523,9999.9
4524,9999.9
4525,9999.9
4526,9999.9
4527,9999.9
4528,9999.9
4529,9999.9
4530,9999.9
4531,9999.9
4532,9999.9
4533,9999.9
4534,9999.9
4535,9999.9
4536,9999.9
4537,9999.9
4538,9999.9
4539,9999.9
4540,9999.9
4541,9999.9
4542,9999.9
4543,9999.9
4544,9999.9
4545,9999.9
4546,9999.9
4547,9999.9
4548,9999.9
4549,9999.9
4550,9999.9
4551,9999.9
4552,9999.9
4553,9999.9
4554,9999.9
4555,9999.9
4556,9999.9
4557,9999.9
4558,9999.9
4559,9999.9
4560,9999.9
4561,9999.9
4562,9999.9
4563,9999.9
4564,9999.9
4565,9999.9
4566,9999.9
4567,9999.9
4568,9999.9
4569,9999.9
4570,9999.9
4571,9999.9
4572,9999.9
4573,9999.9
4574,9999.9
4575,9999.9
4576,9999.9
4577,9999.9
4578,9999.9
4579,9999.9
4580,9999.9
4581,9999.9
4582,9999.9
4583,9999.9
4584,9999.9
4585,9999.9
4586,9999.9
4587,9999.9
4588,9999.9
4589,9999.9
4590,9999.9
4591,9999.9
4592,9999.9
4593,9999.9
4594,9999.9
4595,9999.9
4596,9999.9
4597,9999.9
4598,9999.9
4599,9999.9
4600,9999.9
4601,9999.9
4602,9999.9
4603,9999.9
4604,9999.9
4605,9999.9
4606,9999.9
4607,9999.9
4608,9999.9
4609,9999.9
4610,9999.9
4611,9999.9
4612,9999.9
4613,9999.9
4614,9999.9
4615,9999.9
4616,9999.9
4617,9999.9
4618,9999.9
4619,9999.9
4620,9999.9
4621,9999.9
4622,9999.9
4623,9999.9
4624,9999.9
4625,9999.9
4626,9999.9
4627,9999.9
4628,9999.9
4629,9999.9
4630,9999.9
4631,9999.9
4632,9999.9
4633,9999.9
4634,9999.9
4635,9999.9
4636,9999.9
4637,9999.9
4638,9999.9
4639,9999.9
4640,9999.9
4641,9999.9
4642,9999.9
4643,9999.9
4644,9999.9
4645,9999.9
4646,9999.9
4647,9999.9
4648,9999.9
4649,9999.9
4650,9999.9
4651,9999.9
4652,9999.9
4653,9999.9
4654,9999.9
4655,9999.9
4656,9999.9
4657,9999.9
4658,9999.9
4659,9999.9
4660,9999.9
4661,9999.9
4662,9999.9
4663,9999.9
4664,9999.9
4665,9999.9
4666,9999.9
4667,9999.9
4668,9999.9
4669,9999.9
4670,9999.9
4671,9999.9
4672,9999.9
4673,9999.9
4674,9999.9
4675,9999.9
4676,9999.9
4677,9999.9
4678,9999.9
4679,9999.9
4680,9999.9
4681,9999.9
4682,9999.9
4683,9999.9
4684,9999.9
4685,9999.9
4686,9999.9
4687,9999.9
4688,9999.9
4689,9999.9
4690,9999.9
4691,9999.9
4692,9999.9
4693,9999.9
4694,9999.9
4695,9999.9
4696,9999.9
4697,9999.9
4698,9999.9
4699,9999.9
4700,9999.9
4701,9999.9
4702,9999.9
4703,9999.9
4704,9999.9
4705,9999.9
4706,9999.9
4707,9999.9
4708,9999.9
4709,9999.9
4710,9999.9
4711,9999.9
4712,9999.9
4713,9999.9
4714,9999.9
4715,9999.9
4716,9999.9
4717,9999.9
4718,9999.9
4719,9999.9
4720,9999.9
4721,9999.9
4722,9999.9
4723,9999.9
4724,9999.9
4725,9999.9
4726,9999.9
4727,9999.9
4728,9999.9
4729,9999.9
4730,9999.9
4731,9999.9
4732,9999.9
4733,9999.9
4734,9999.9
4735,9999.9
4736,9999.9
4737,9999.9
4738,9999.9
4739,9999.9
4740,9999.9
4741,9999.9
4742,9999.9
4743,9999.9
4744,9999.9
4745,9999.9
4746,9999.9
4747,9999.9
4748,9999.9
4749,9999.9
4750,9999.9
4751,9999.9
4752,9999.9
4753,9999.9
4754,9999.9
4755,9999.9
4756,9999.9
4757,9999.9
4758,9999.9
4759,9999.9
4760,9999.9
4761,9999.9
4762,9999.9
4763,9999.9
4764,9999.9
4765,9999.89
4766,9999.89
4767,9999.89
4768,9999.89
4769,9999.89
4770,9999.89
4771,9999.89
4772,9999.89
4773,9999.89
4774,9999.89
4775,9999.89
4776,9999.89
4777,9999.89
4778,9999.89
4779,9999.89
4780,9999.89
4781,9999.89
4782,9999.89
4783,9999.89
4784,9999.89
4785,9999.89
4786,9999.89
4787,9999.89
4788,9999.89
4789,9999.89
4790,9999.89
4791,9999.89
4792,9999.89
4793,9999.89
4794,9999.89
4795,9999.89
4796,9999.89
4797,9999.89
4798,9999.89
4799,9999.89
4800,9999.89
4801,9999.89
4802,9999.89
4803,9999.89
4804,9999.89
4805,9999.89
4806,9999.89
4807,9999.89
4808,9999.89
4809,9999.89
4810,9999.89
4811,9999.89
4812,9999.89
4813,9999.89
4814,9999.89
4815,9999.89
4816,9999.89
4817,9999.89
4818,9999.89
4819,9999.89
4820,9999.89
4821,9999.89
4822,9999.89
4823,9999.89
4824,9999.89
4825,9999.89
4826,9999.89
4827,9999.89
4828,9999.89
4829,9999.89
4830,9999.89
4831,9999.89
4832,9999.89
4833,9999.89
4834,9999.89
4835,9999.89
4836,9999.89
4837,9999.89
4838,9999.89
4839,9999.89
4840,9999.89
4841,9999.89
4842,9999.89
4843,9999.89
4844,9999.89
4845,9999.89
4846,9999.89
4847,9999.89
4848,9999.89
4849,9999.89
4850,9999.89
4851,9999.89
4852,9999.89
4853,9999.89
4854,9999.89
4855,9999.89
4856,9999.89
4857,9999.89
4858,9999.89
4859,9999.89
4860,9999.89
4861,9999.89
4862,9999.89
4863,9999.89
4864,9999.89
4865,9999.89
4866,9999.89
4867,9999.89
4868,9999.89
4869,9999.89
4870,9999.89
4871,9999.89
4872,9999.89
4873,9999.89
4874,9999.89
4875,9999.89
4876,9999.89
4877,9999.89
4878,9999.89
4879,9999.89
4880,9999.89
4881,9999.89
4882,9999.89
4883,9999.89
4884,9999.89
4885,9999.89
4886,9999.89
4887,9999.89
4888,9999.89
4889,9999.89
4890,9999.89
4891,9999.89
4892,9999.89
4893,9999.89
4894,9999.89
4895,9999.89
4896,9999.89
4897,9999.89
4898,9999.89
4899,9999.89
4900,9999.89
4901,9999.89
4902,9999.89
4903,9999.89
4904,9999.89
4905,9999.89
4906,9999.89
4907,9999.89
4908,9999.89
4909,9999.89
4910,9999.89
4911,9999.89
4912,9999.89
4913,9999.89
4914,9999.89
4915,9999.89
4916,9999.89
4917,9999.89
4918,9999.89
4919,9999.89
4920,9999.89
4921,9999.89
4922,9999.89
4923,9999.89
4924,9999.89
4925,9999.89
4926,9999.89
4927,9999.89
4928,9999.89
4929,9999.89
4930,9999.89
4931,9999.89
4932,9999.89
4933,9999.89
4934,9999.89
4935,9999.89
4936,9999.89
4937,9999.89
4938,9999.89
4939,9999.89
4940,9999.89
4941,9999.89
4942,9999.89
4943,9999.89
4944,9999.89
4945,9999.89
4946,9999.89
4947,9999.89
4948,9999.89
4949,9999.89
4950,9999.89
4951,9999.89
4952,9999.89
4953,9999.89
4954,9999.89
4955,9999.89
4956,9999.89
4957,9999.89
4958,9999.89
4959,9999.89
4960,9999.89
4961,9999.89
4962,9999.89
4963,9999.89
4964,9999.89
4965,9999.89
4966,9999.89
4967,9999.89
4968,9999.89
4969,9999.89
4970,9999.89
4971,9999.89
4972,9999.89
4973,9999.89
4974,9999.89
4975,9999.89
4976,9999.89
4977,9999.89
4978,9999.89
4979,9999.89
4980,9999.89
4981,9999.89
4982,9999.89
4983,9999.89
4984,9999.89
4985,9999.89
4986,9999.89
4987,9999.89
4988,9999.89
4989,9999.89
4990,9999.89
4991,9999.89
4992,9999.89
4993,9999.89
4994,9999.89
4995,9999.89
4996,9999.89
4997,9999.89
4998,9999.89
4999,9999.89
5000,9999.89
5001,9999.89
5002,9999.89
5003,9999.89
5004,9999.89
5005,9999.89
5006,9999.89
5007,9999.89
5008,9999.89
5009,9999.89
5010,9999.89
5011,9999.89
5012,9999.89
5013,9999.89
5014,9999.89
5015,9999.89
5016,9999.89
5017,9999.89
5018,9999.89
5019,9999.89
5020,9999.89
5021,9999.89
5022,9999.89
5023,9999.89
5024,9999.89
5025,9999.89
5026,9999.89
5027,9999.89
5028,9999.89
5029,9999.89
5030,9999.89
5031,9999.89
5032,9999.89
5033,9999.89
5034,9999.89
5035,9999.89
5036,9999.89
5037,9999.89
5038,9999.89
5039,9999.89
5040,9999.89
5041,9999.89
5042,9999.89
5043,9999.89
5044,9999.89
5045,9999.89
5046,9999.89
5047,9999.89
5048,9999.89
5049,9999.89
5050,9999.89
5051,9999.89
5052,9999.89
5053,9999.89
5054,9999.89
5055,9999.89
5056,9999.89
5057,9999.89
5058,9999.89
5059,9999.89
5060,9999.89
5061,9999.89
5062,9999.89
5063,9999.89
5064,9999.89
5065,9999.89
5066,9999.89
5067,9999.89
5068,9999.89
5069,9999.89
5070,9999.89
5071,9999.89
5072,9999.89
5073,9999.89
5074,9999.89
5075,9999.89
5076,9999.89
5077,9999.89
5078,9999.89
5079,9999.89
5080,9999.89
5081,9999.89
5082,9999.89
5083,9999.89
5084,9999.89
5085,9999.89
5086,9999.89
5087,9999.89
5088,9999.89
5089,9999.89
5090,9999.89
5091,9999.89
5092,9999.89
5093,9999.89
5094,9999.89
5095,9999.89
5096,9999.89
5097,9999.89
5098,9999.89
5099,9999.89
5100,9999.89
5101,9999.89
5102,9999.89
5103,9999.89
5104,9999.89
5105,9999.89
5106,9999.89
5107,9999.89
5108,9999.89
5109,9999.89
5110,9999.89
5111,9999.89
5112,9999.89
5113,9999.89
5114,9999.89
5115,9999.89
5116,9999.89
5117,9999.89
5118,9999.89
5119,9999.89
5120,9999.89
5121,9999.89
5122,9999.89
5123,9999.89
5124,9999.89
5125,9999.89
5126,9999.89
5127,9999.89
5128,9999.89
5129,9999.89
5130,9999.89
5131,9999.89
5132,9999.89
5133,9999.89
5134,9999.89
5135,9999.89
5136,9999.89
5137,9999.89
5138,9999.89
5139,9999.89
5140,9999.89
5141,9999.89
5142,9999.89
5143,9999.89
5144,9999.89
5145,9999.89
5146,9999.89
5147,9999.89
5148,9999.89
5149,9999.89
5150,9999.89
5151,9999.89
5152,9999.89
5153,9999.89
5154,9999.89
5155,9999.89
5156,9999.89
5157,9999.89
5158,9999.89
5159,9999.89
5160,9999.89
5161,9999.89
5162,9999.89
5163,9999.89
5164,9999.89
5165,9999.89
5166,9999.89
5167,9999.89
5168,9999.89
5169,9999.89
5170,9999.89
5171,9999.89
5172,9999.89
5173,9999.89
5174,9999.89
5175,9999.89
5176,9999.89
5177,9999.89
5178,9999.89
5179,9999.89
5180,9999.89
5181,9999.89
5182,9999.89
5183,9999.89
5184,9999.89
5185,9999.89
5186,9999.89
5187,9999.89
5188,9999.89
5189,9999.89
5190,9999.89
5191,9999.89
5192,9999.89
5193,9999.89
5194,9999.89
5195,9999.89
5196,9999.89
5197,9999.89
5198,9999.89
5199,9999.89
5200,9999.89
5201,9999.89
5202,9999.89
5203,9999.89
5204,9999.89
5205,9999.89
5206,9999.89
5207,9999.89
5208,9999.89
5209,9999.89
5210,9999.89
5211,9999.89
5212,9999.89
5213,9999.89
5214,9999.89
5215,9999.89
5216,9999.89
5217,9999.89
5218,9999.89
5219,9999.89
5220,9999.89
5221,9999.89
5222,9999.89
5223,9999.89
5224,9999.89
5225,9999.89
5226,9999.89
5227,9999.89
5228,9999.89
5229,9999.89
5230,9999.89
5231,9999.89
5232,9999.89
5233,9999.89
5234,9999.89
5235,9999.89
5236,9999.89
5237,9999.89
5238,9999.89
5239,9999.89
5240,9999.89
5241,9999.89
5242,9999.89
5243,9999.89
5244,9999.89
5245,9999.89
5246,9999.89
5247,9999.89
5248,9999.89
5249,9999.89
5250,9999.89
5251,9999.89
5252,9999.89
5253,9999.89
5254,9999.89
5255,9999.89
5256,9999.89
5257,9999.89
5258,9999.89
5259,9999.89
5260,9999.89
5261,9999.89
5262,9999.89
5263,9999.89
5264,9999.89
5265,9999.89
5266,9999.89
5267,9999.89
5268,9999.89
5269,9999.89
5270,9999.89
5271,9999.89
5272,9999.89
5273,9999.89
5274,9999.89
5275,9999.89
5276,9999.89
5277,9999.89
5278,9999.89
5279,9999.89
5280,9999.89
5281,9999.89
5282,9999.89
5283,9999.89
5284,9999.89
5285,9999.89
5286,9999.89
5287,9999.89
5288,9999.89
5289,9999.89
5290,9999.89
5291,9999.89
5292,9999.89
5293,9999.89
5294,9999.89
5295,9999.89
5296,9999.89
5297,9999.89
5298,9999.89
5299,9999.89
5300,9999.89
5301,9999.89
5302,9999.89
5303,9999.89
5304,9999.89
5305,9999.89
5306,9999.89
5307,9999.89
5308,9999.89
5309,9999.89
5310,9999.89
5311,9999.89
5312,9999.89
5313,9999.89
5314,9999.89
5315,9999.89
5316,9999.89
5317,9999.89
5318,9999.89
5319,9999.89
5320,9999.89
5321,9999.89
5322,9999.89
5323,9999.89
5324,9999.89
5325,9999.89
5326,9999.89
5327,9999.89
5328,9999.89
5329,9999.89
5330,9999.89
5331,9999.89
5332,9999.89
5333,9999.89
5334,9999.89
5335,9999.89
5336,9999.89
5337,9999.89
5338,9999.89
5339,9999.89
5340,9999.89
5341,9999.89
5342,9999.89
5343,9999.89
5344,9999.89
5345,9999.89
5346,9999.89
5347,9999.89
5348,9999.89
5349,9999.89
5350,9999.89
5351,9999.89
5352,9999.89
5353,9999.89
5354,9999.89
5355,9999.89
5356,9999.89
5357,9999.89
5358,9999.89
5359,9999.89
5360,9999.89
5361,9999.89
5362,9999.89
5363,9999.89
5364,9999.89
5365,9999.89
5366,9999.89
5367,9999.89
5368,9999.89
5369,9999.89
5370,9999.89
5371,9999.89
5372,9999.89
5373,9999.89
5374,9999.89
5375,9999.89
5376,9999.89
5377,9999.89
5378,9999.89
5379,9999.89
5380,9999.89
5381,9999.89
5382,9999.89
5383,9999.89
5384,9999.89
5385,9999.89
5386,9999.89
5387,9999.89
5388,9999.89
5389,9999.89
5390,9999.89
5391,9999.89
5392,9999.89
5393,9999.89
5394,9999.89
5395,9999.89
5396,9999.89
5397,9999.89
5398,9999.89
5399,9999.89
5400,9999.89
5401,9999.89
5402,9999.89
5403,9999.89
5404,9999.89
5405,9999.89
5406,9999.89
5407,9999.89
5408,9999.89
5409,9999.89
5410,9999.89
5411,9999.89
5412,9999.89
5413,9999.89
5414,9999.89
5415,9999.89
5416,9999.89
5417,9999.89
5418,9999.89
5419,9999.89
5420,9999.89
5421,9999.89
5422,9999.89
5423,9999.89
5424,9999.89
5425,9999.89
5426,9999.89
5427,9999.89
5428,9999.89
5429,9999.89
5430,9999.89
5431,9999.89
5432,9999.89
5433,9999.89
5434,9999.89
5435,9999.89
5436,9999.89
5437,9999.89
5438,9999.89
5439,9999.89
5440,9999.89
5441,9999.89
5442,9999.89
5443,9999.89
5444,9999.89
5445,9999.89
5446,9999.89
5447,9999.89
5448,9999.89
5449,9999.89
5450,9999.89
5451,9999.89
5452,9999.89
5453,9999.89
5454,9999.89
5455,9999.89
5456,9999.89
5457,9999.89
5458,9999.89
5459,9999.89
5460,9999.89
5461,9999.89
5462,9999.89
5463,9999.89
5464,9999.89
5465,9999.89
5466,9999.89
5467,9999.89
5468,9999.89
5469,9999.89
5470,9999.89
5471,9999.89
5472,9999.89
5473,9999.89
5474,9999.89
5475,9999.89
5476,9999.89
5477,9999.89
5478,9999.89
5479,9999.89
5480,9999.89
5481,9999.89
5482,9999.89
5483,9999.89
5484,9999.89
5485,9999.89
5486,9999.89
5487,9999.89
5488,9999.89
5489,9999.89
5490,9999.89
5491,9999.89
5492,9999.89
5493,9999.89
5494,9999.89
5495,9999.89
5496,9999.89
5497,9999.89
5498,9999.89
5499,9999.89
5500,9999.89
5501,9999.89
5502,9999.89
5503,9999.89
5504,9999.89
5505,9999.89
5506,9999.89
5507,9999.89
5508,9999.89
5509,9999.89
5510,9999.89
5511,9999.89
5512,9999.89
5513,9999.89
5514,9999.89
5515,9999.89
5516,9999.89
5517,9999.89
5518,9999.89
5519,9999.89
5520,9999.89
5521,9999.89
5522,9999.89
5523,9999.89
5524,9999.89
5525,9999.89
5526,9999.89
5527,9999.89
5528,9999.89
5529,9999.89
5530,9999.89
5531,9999.89
5532,9999.89
5533,9999.89
5534,9999.89
5535,9999.89
5536,9999.89
5537,9999.89
5538,9999.89
5539,9999.89
5540,9999.89
5541,9999.89
5542,9999.89
5543,9999.89
5544,9999.89
5545,9999.89
5546,9999.89
5547,9999.89
5548,9999.89
5549,9999.89
5550,9999.89
5551,9999.89
5552,9999.89
5553,9999.89
5554,9999.89
5555,9999.89
5556,9999.89
5557,9999.89
5558,9999.89
5559,9999.89
5560,9999.89
5561,9999.89
5562,9999.89
5563,9999.89
5564,9999.89
5565,9999.89
5566,9999.89
5567,9999.89
5568,9999.89
5569,9999.89
5570,9999.89
5571,9999.89
5572,9999.89
5573,9999.89
5574,9999.89
5575,9999.89
5576,9999.89
5577,9999.89
5578,9999.89
5579,9999.89
5580,9999.89
5581,9999.89
5582,9999.89
5583,9999.89
5584,9999.89
5585,9999.89
5586,9999.89
5587,9999.89
5588,9999.89
5589,9999.89
5590,9999.89
5591,9999.89
5592,9999.89
5593,9999.89
5594,9999.89
5595,9999.89
5596,9999.89
5597,9999.89
5598,9999.89
5599,9999.89
5600,9999.89
5601,9999.89
5602,9999.89
5603,9999.89
5604,9999.89
5605,9999.89
5606,9999.89
5607,9999.89
5608,9999.89
5609,9999.89
5610,9999.89
5611,9999.89
5612,9999.89
5613,9999.89
5614,9999.89
5615,9999.89
5616,9999.89
5617,9999.89
5618,9999.89
5619,9999.89
5620,9999.89
5621,9999.89
5622,9999.89
5623,9999.89
5624,9999.89
5625,9999.89
5626,9999.89
5627,9999.89
5628,9999.89
5629,9999.89
5630,9999.89
5631,9999.89
5632,9999.89
5633,9999.89
5634,9999.89
5635,9999.89
5636,9999.89
5637,9999.89
5638,9999.89
5639,9999.89
5640,9999.89
5641,9999.89
5642,9999.89
5643,9999.89
5644,9999.89
5645,9999.89
5646,9999.89
5647,9999.89
5648,9999.89
5649,9999.89
5650,9999.89
5651,9999.89
5652,9999.89
5653,9999.89
5654,9999.89
5655,9999.89
5656,9999.89
5657,9999.89
5658,9999.89
5659,9999.89
5660,9999.89
5661,9999.89
5662,9999.89
5663,9999.89
5664,9999.89
5665,9999.89
5666,9999.89
5667,9999.89
5668,9999.89
5669,9999.89
5670,9999.89
5671,9999.89
5672,9999.89
5673,9999.89
5674,9999.89
5675,9999.89
5676,9999.89
5677,9999.89
5678,9999.89
5679,9999.89
5680,9999.89
5681,9999.89
5682,9999.89
5683,9999.89
5684,9999.89
5685,9999.89
5686,9999.89
5687,9999.89
5688,9999.89
5689,9999.89
5690,9999.89
5691,9999.89
5692,9999.89
5693,9999.89
5694,9999.89
5695,9999.89
5696,9999.89
5697,9999.89
5698,9999.89
5699,9999.89
5700,9999.89
5701,9999.89
5702,9999.89
5703,9999.89
5704,9999.89
5705,9999.89
5706,9999.89
5707,9999.89
5708,9999.89
5709,9999.89
5710,9999.89
5711,9999.89
5712,9999.89
5713,9999.89
5714,9999.89
5715,9999.89
5716,9999.89
5717,9999.89
5718,9999.89
5719,9999.89
5720,9999.89
5721,9999.89
5722,9999.89
5723,9999.89
5724,9999.89
5725,9999.89
5726,9999.89
5727,9999.89
5728,9999.89
5729,9999.89
5730,9999.89
5731,9999.89
5732,9999.89
5733,9999.89
5734,9999.89
5735,9999.89
5736,9999.89
5737,9999.89
5738,9999.89
5739,9999.89
5740,9999.89
5741,9999.89
5742,9999.89
5743,9999.89
5744,9999.89
5745,9999.89
5746,9999.89
5747,9999.89
5748,9999.89
5749,9999.89
5750,9999.89
5751,9999.89
5752,9999.89
5753,9999.89
5754,9999.89
5755,9999.89
5756,9999.89
5757,9999.89
5758,9999.89
5759,9999.89
5760,9999.89
5761,9999.89
5762,9999.89
5763,9999.89
5764,9999.89
5765,9999.89
5766,9999.89
5767,9999.89
5768,9999.89
5769,9999.89
5770,9999.89
5771,9999.89
5772,9999.89
5773,9999.89
5774,9999.89
5775,9999.89
5776,9999.89
5777,9999.89
5778,9999.89
5779,9999.89
5780,9999.89
5781,9999.89
5782,9999.89
5783,9999.89
5784,9999.89
5785,9999.89
5786,9999.89
5787,9999.89
5788,9999.89
5789,9999.89
5790,9999.89
5791,9999.89
5792,9999.89
5793,9999.89
5794,9999.89
5795,9999.89
5796,9999.89
5797,9999.89
5798,9999.89
5799,9999.89
5800,9999.89
5801,9999.89
5802,9999.89
5803,9999.89
5804,9999.89
5805,9999.89
5806,9999.89
5807,9999.89
5808,9999.89
5809,9999.89
5810,9999.89
5811,9999.89
5812,9999.89
5813,9999.89
5814,9999.89
5815,9999.89
5816,9999.89
5817,9999.89
5818,9999.89
5819,9999.89
5820,9999.89
5821,9999.89
5822,9999.89
5823,9999.89
5824,9999.89
5825,9999.89
5826,9999.89
5827,9999.89
5828,9999.89
5829,9999.89
5830,9999.89
5831,9999.89
5832,9999.89
5833,9999.89
5834,9999.89
5835,9999.89
5836,9999.89
5837,9999.89
5838,9999.89
5839,9999.89
5840,9999.89
5841,9999.89
5842,9999.89
5843,9999.89
5844,9999.89
5845,9999.89
5846,9999.89
5847,9999.89
5848,9999.89
5849,9999.89
5850,9999.89
5851,9999.89
5852,9999.89
5853,9999.89
5854,9999.89
5855,9999.89
5856,9999.89
5857,9999.89
5858,9999.89
5859,9999.89
5860,9999.89
5861,9999.89
5862,9999.89
5863,9999.89
5864,9999.89
5865,9999.89
5866,9999.89
5867,9999.89
5868,9999.89
5869,9999.89
5870,9999.89
5871,9999.89
5872,9999.89
5873,9999.89
5874,9999.89
5875,9999.89
5876,9999.89
5877,9999.89
5878,9999.89
5879,9999.89
5880,9999.89
5881,9999.89
5882,9999.89
5883,9999.89
5884,9999.89
5885,9999.89
5886,9999.89
5887,9999.89
5888,9999.89
5889,9999.89
5890,9999.89
5891,9999.89
5892,9999.89
5893,9999.89
5894,9999.89
5895,9999.89
5896,9999.89
5897,9999.89
5898,9999.89
5899,9999.89
5900,9999.89
5901,9999.89
5902,9999.89
5903,9999.89
5904,9999.89
5905,9999.89
5906,9999.89
5907,9999.89
5908,9999.89
5909,9999.89
5910,9999.89
5911,9999.89
5912,9999.89
5913,9999.89
5914,9999.89
5915,9999.89
5916,9999.89
5917,9999.89
5918,9999.89
5919,9999.89
5920,9999.89
5921,9999.89
5922,9999.89
5923,9999.89
5924,9999.89
5925,9999.89
5926,9999.89
5927,9999.89
5928,9999.89
5929,9999.89
5930,9999.89
5931,9999.89
5932,9999.89
5933,9999.89
5934,9999.89
5935,9999.89
5936,9999.89
5937,9999.89
5938,9999.89
5939,9999.89
5940,9999.89
5941,9999.89
5942,9999.89
5943,9999.89
5944,9999.89
5945,9999.89
5946,9999.89
5947,9999.89
5948,9999.89
5949,9999.89
5950,9999.89
5951,9999.89
5952,9999.89
5953,9999.89
5954,9999.89
5955,9999.89
5956,9999.89
5957,9999.89
5958,9999.89
5959,9999.89
5960,9999.89
5961,9999.89
5962,9999.89
5963,9999.89
5964,9999.89
5965,9999.89
5966,9999.89
5967,9999.89
5968,9999.89
5969,9999.89
5970,9999.89
5971,9999.89
5972,9999.89
5973,9999.89
5974,9999.89
5975,9999.89
5976,9999.89
5977,9999.89
5978,9999.89
5979,9999.89
5980,9999.89
5981,9999.89
5982,9999.89
5983,9999.89
5984,9999.89
5985,9999.89
5986,9999.89
5987,9999.89
5988,9999.89
5989,9999.89
5990,9999.89
5991,9999.89
5992,9999.89
5993,9999.89
5994,9999.89
5995,9999.89
5996,9999.89
5997,9999.89
5998,9999.89
5999,9999.89
6000,9999.89
6001,9999.89
6002,9999.89
6003,9999.89
6004,9999.89
6005,9999.89
6006,9999.89
6007,9999.89
6008,9999.89
6009,9999.89
6010,9999.89
6011,9999.89
6012,9999.89
6013,9999.89
6014,9999.89
6015,9999.89
6016,9999.89
6017,9999.89
6018,9999.89
6019,9999.89
6020,9999.89
6021,9999.89
6022,9999.89
6023,9999.89
6024,9999.89
6025,9999.89
6026,9999.89
6027,9999.89
6028,9999.89
6029,9999.89
6030,9999.89
6031,9999.89
6032,9999.89
6033,9999.89
6034,9999.89
6035,9999.89
6036,9999.89
6037,9999.89
6038,9999.89
6039,9999.89
6040,9999.89
6041,9999.89
6042,9999.89
6043,9999.89
6044,9999.89
6045,9999.89
6046,9999.89
6047,9999.89
6048,9999.89
6049,9999.89
6050,9999.89
6051,9999.89
6052,9999.89
6053,9999.89
6054,9999.89
6055,9999.89
6056,9999.89
6057,9999.89
6058,9999.89
6059,9999.89
6060,9999.89
6061,9999.89
6062,9999.89
6063,9999.89
6064,9999.89
6065,9999.89
6066,9999.89
6067,9999.89
6068,9999.89
6069,9999.89
6070,9999.89
6071,9999.89
6072,9999.89
6073,9999.89
6074,9999.89
6075,9999.89
6076,9999.89
6077,9999.89
6078,9999.89
6079,9999.89
6080,9999.89
6081,9999.89
6082,9999.89
6083,9999.89
6084,9999.89
6085,9999.89
6086,9999.89
6087,9999.89
6088,9999.89
6089,9999.89
6090,9999.89
6091,9999.89
6092,9999.89
6093,9999.89
6094,9999.89
6095,9999.89
6096,9999.89
6097,9999.89
6098,9999.89
6099,9999.89
6100,9999.89
6101,9999.89
6102,9999.89
6103,9999.89
6104,9999.89
6105,9999.89
6106,9999.89
6107,9999.89
6108,9999.89
6109,9999.89
6110,9999.89
6111,9999.89
6112,9999.89
6113,9999.89
6114,9999.89
6115,9999.89
6116,9999.89
6117,9999.89
6118,9999.89
6119,9999.89
6120,9999.89
6121,9999.89
6122,9999.89
6123,9999.89
6124,9999.89
6125,9999.89
6126,9999.89
6127,9999.89
6128,9999.89
6129,9999.89
6130,9999.89
6131,9999.89
6132,9999.89
6133,9999.89
6134,9999.89
6135,9999.89
6136,9999.89
6137,9999.89
6138,9999.89
6139,9999.89
6140,9999.89
6141,9999.89
6142,9999.89
6143,9999.89
6144,9999.89
6145,9999.89
6146,9999.89
6147,9999.89
6148,9999.89
6149,9999.89
6150,9999.89
6151,9999.89
6152,9999.89
6153,9999.89
6154,9999.89
6155,9999.89
6156,9999.89
6157,9999.89
6158,9999.89
6159,9999.89
6160,9999.89
6161,9999.89
6162,9999.89
6163,9999.89
6164,9999.89
6165,9999.89
6166,9999.89
6167,9999.89
6168,9999.89
6169,9999.89
6170,9999.89
6171,9999.89
6172,9999.89
6173,9999.89
6174,9999.89
6175,9999.89
6176,9999.89
6177,9999.89
6178,9999.89
6179,9999.89
6180,9999.89
6181,9999.89
6182,9999.89
6183,9999.89
6184,9999.89
6185,9999.89
6186,9999.89
6187,9999.89
6188,9999.89
6189,9999.89
6190,9999.89
6191,9999.89
6192,9999.89
6193,9999.89
6194,9999.89
6195,9999.89
6196,9999.89
6197,9999.89
6198,9999.89
6199,9999.89
6200,9999.89
6201,9999.89
6202,9999.89
6203,9999.89
6204,9999.89
6205,9999.89
6206,9999.89
6207,9999.89
6208,9999.89
6209,9999.89
6210,9999.89
6211,9999.89
6212,9999.89
6213,9999.89
6214,9999.89
6215,9999.89
6216,9999.89
6217,9999.89
6218,9999.89
6219,9999.89
6220,9999.89
6221,9999.89
6222,9999.89
6223,9999.89
6224,9999.89
6225,9999.89
6226,9999.89
6227,9999.89
6228,9999.89
6229,9999.89
6230,9999.89
6231,9999.89
6232,9999.89
6233,9999.89
6234,9999.89
6235,9999.89
6236,9999.89
6237,9999.89
6238,9999.89
6239,9999.89
6240,9999.89
6241,9999.89
6242,9999.89
6243,9999.89
6244,9999.89
6245,9999.89
6246,9999.89
6247,9999.89
6248,9999.89
6249,9999.89
6250,9999.89
6251,9999.89
6252,9999.89
6253,9999.89
6254,9999.89
6255,9999.89
6256,9999.89
6257,9999.89
6258,9999.89
6259,9999.89
6260,9999.89
6261,9999.89
6262,9999.89
6263,9999.89
6264,9999.89
6265,9999.89
6266,9999.89
6267,9999.89
6268,9999.89
6269,9999.89
6270,9999.89
6271,9999.89
6272,9999.89
6273,9999.89
6274,9999.89
6275,9999.89
6276,9999.89
6277,9999.89
6278,9999.89
6279,9999.89
6280,9999.89
6281,9999.89
6282,9999.89
6283,9999.89
6284,9999.89
6285,9999.89
6286,9999.89
6287,9999.89
6288,9999.89
6289,9999.89
6290,9999.89
6291,9999.89
6292,9999.89
6293,9999.89
6294,9999.89
6295,9999.89
6296,9999.89
6297,9999.89
6298,9999.89
6299,9999.89
6300,9999.89
6301,9999.89
6302,9999.89
6303,9999.89
6304,9999.89
6305,9999.89
6306,9999.89
6307,9999.89
6308,9999.89
6309,9999.89
6310,9999.89
6311,9999.89
6312,9999.89
6313,9999.89
6314,9999.89
6315,9999.89
6316,9999.89
6317,9999.89
6318,9999.89
6319,9999.89
6320,9999.89
6321,9999.89
6322,9999.89
6323,9999.89
6324,9999.89
6325,9999.89
6326,9999.89
6327,9999.89
6328,9999.89
6329,9999.89
6330,9999.89
6331,9999.89
6332,9999.89
6333,9999.89
6334,9999.89
6335,9999.89
6336,9999.89
6337,9999.89
6338,9999.89
6339,9999.89
6340,9999.89
6341,9999.89
6342,9999.89
6343,9999.89
6344,9999.89
6345,9999.89
6346,9999.89
6347,9999.89
6348,9999.89
6349,9999.89
6350,9999.89
6351,9999.89
6352,9999.89
6353,9999.89
6354,9999.89
6355,9999.89
6356,9999.89
6357,9999.89
6358,9999.89
6359,9999.89
6360,9999.89
6361,9999.89
6362,9999.89
6363,9999.89
6364,9999.89
6365,9999.89
6366,9999.89
6367,9999.89
6368,9999.89
6369,9999.89
6370,9999.89
6371,9999.89
6372,9999.89
6373,9999.89
6374,9999.89
6375,9999.89
6376,9999.89
6377,9999.89
6378,9999.89
6379,9999.89
6380,9999.89
6381,9999.89
6382,9999.89
6383,9999.89
6384,9999.89
6385,9999.89
6386,9999.89
6387,9999.89
6388,9999.89
6389,9999.89
6390,9999.89
6391,9999.89
6392,9999.89
6393,9999.89
6394,9999.89
6395,9999.89
6396,9999.89
6397,9999.89
6398,9999.89
6399,9999.89
6400,9999.89
6401,9999.89
6402,9999.89
6403,9999.89
6404,9999.89
6405,9999.89
6406,9999.89
6407,9999.89
6408,9999.89
6409,9999.89
6410,9999.89
6411,9999.89
6412,9999.89
6413,9999.89
6414,9999.89
6415,9999.89
6416,9999.89
6417,9999.89
6418,9999.89
6419,9999.89
6420,9999.89
6421,9999.89
6422,9999.89
6423,9999.89
6424,9999.89
6425,9999.89
6426,9999.89
6427,9999.89
6428,9999.89
6429,9999.89
6430,9999.89
6431,9999.89
6432,9999.89
6433,9999.89
6434,9999.89
6435,9999.89
6436,9999.89
6437,9999.89
6438,9999.89
6439,9999.89
6440,9999.89
6441,9999.89
6442,9999.89
6443,9999.89
6444,9999.89
6445,9999.89
6446,9999.89
6447,9999.89
6448,9999.89
6449,9999.89
6450,9999.89
6451,9999.89
6452,9999.89
6453,9999.89
6454,9999.89
6455,9999.89
6456,9999.89
6457,9999.89
6458,9999.89
6459,9999.89
6460,9999.89
6461,9999.89
6462,9999.89
6463,9999.89
6464,9999.89
6465,9999.89
6466,9999.89
6467,9999.89
6468,9999.89
6469,9999.89
6470,9999.89
6471,9999.89
6472,9999.89
6473,9999.89
6474,9999.89
6475,9999.89
6476,9999.89
6477,9999.89
6478,9999.89
6479,9999.89
6480,9999.89
6481,9999.89
6482,9999.89
6483,9999.89
6484,9999.89
6485,9999.89
6486,9999.89
6487,9999.89
6488,9999.89
6489,9999.89
6490,9999.89
6491,9999.89
6492,9999.89
6493,9999.89
6494,9999.89
6495,9999.89
6496,9999.89
6497,9999.89
6498,9999.89
6499,9999.89
6500,9999.89
6501,9999.89
6502,9999.89
6503,9999.89
6504,9999.89
6505,9999.89
6506,9999.89
6507,9999.89
6508,9999.89
6509,9999.89
6510,9999.89
6511,9999.89
6512,9999.89
6513,9999.89
6514,9999.89
6515,9999.89
6516,9999.89
6517,9999.89
6518,9999.89
6519,9999.89
6520,9999.89
6521,9999.89
6522,9999.89
6523,9999.89
6524,9999.89
6525,9999.89
6526,9999.89
6527,9999.89
6528,9999.89
6529,9999.89
6530,9999.89
6531,9999.89
6532,9999.89
6533,9999.89
6534,9999.89
6535,9999.89
6536,9999.89
6537,9999.89
6538,9999.89
6539,9999.89
6540,9999.89
6541,9999.89
6542,9999.89
6543,9999.89
6544,9999.89
6545,9999.89
6546,9999.89
6547,9999.89
6548,9999.89
6549,9999.89
6550,9999.89
6551,9999.89
6552,9999.89
6553,9999.89
6554,9999.89
6555,9999.89
6556,9999.89
6557,9999.89
6558,9999.89
6559,9999.89
6560,9999.89
6561,9999.89
6562,9999.89
6563,9999.89
6564,9999.89
6565,9999.89
6566,9999.89
6567,9999.89
6568,9999.89
6569,9999.89
6570,9999.89
6571,9999.89
6572,9999.89
6573,9999.89
6574,9999.89
6575,9999.89
6576,9999.89
6577,9999.89
6578,9999.89
6579,9999.89
6580,9999.89
6581,9999.89
6582,9999.89
6583,9999.89
6584,9999.89
6585,9999.89
6586,9999.89
6587,9999.89
6588,9999.89
6589,9999.89
6590,9999.89
6591,9999.89
6592,9999.89
6593,9999.89
6594,9999.89
6595,9999.89
6596,9999.89
6597,9999.89
6598,9999.89
6599,9999.89
6600,9999.89
6601,9999.89
6602,9999.89
6603,9999.89
6604,9999.89
6605,9999.89
6606,9999.89
6607,9999.89
6608,9999.89
6609,9999.89
6610,9999.89
6611,9999.89
6612,9999.89
6613,9999.89
6614,9999.89
6615,9999.89
6616,9999.89
6617,9999.89
6618,9999.89
6619,9999.89
6620,9999.89
6621,9999.89
6622,9999.89
6623,9999.89
6624,9999.89
6625,9999.89
6626,9999.89
6627,9999.89
6628,9999.89
6629,9999.89
6630,9999.89
6631,9999.89
6632,9999.89
6633,9999.89
6634,9999.89
6635,9999.89
6636,9999.89
6637,9999.89
6638,9999.89
6639,9999.89
6640,9999.89
6641,9999.89
6642,9999.89
6643,9999.89
6644,9999.89
6645,9999.89
6646,9999.89
6647,9999.89
6648,9999.89
6649,9999.89
6650,9999.89
6651,9999.89
6652,9999.89
6653,9999.89
6654,9999.89
6655,9999.89
6656,9999.89
6657,9999.89
6658,9999.89
6659,9999.89
6660,9999.89
6661,9999.89
6662,9999.89
6663,9999.89
6664,9999.89
6665,9999.89
6666,9999.89
6667,9999.89
6668,9999.89
6669,9999.89
6670,9999.89
6671,9999.89
6672,9999.89
6673,9999.89
6674,9999.89
6675,9999.89
6676,9999.89
6677,9999.89
6678,9999.89
6679,9999.89
6680,9999.89
6681,9999.89
6682,9999.89
6683,9999.89
6684,9999.89
6685,9999.89
6686,9999.89
6687,9999.89
6688,9999.89
6689,9999.89
6690,9999.89
6691,9999.89
6692,9999.89
6693,9999.89
6694,9999.89
6695,9999.89
6696,9999.89
6697,9999.89
6698,9999.89
6699,9999.89
6700,9999.89
6701,9999.89
6702,9999.89
6703,9999.89
6704,9999.89
6705,9999.89
6706,9999.89
6707,9999.89
6708,9999.89
6709,9999.89
6710,9999.89
6711,9999.89
6712,9999.89
6713,9999.89
6714,9999.89
6715,9999.89
6716,9999.89
6717,9999.89
6718,9999.89
6719,9999.89
6720,9999.89
6721,9999.89
6722,9999.89
6723,9999.89
6724,9999.89
6725,9999.89
6726,9999.89
6727,9999.89
6728,9999.89
6729,9999.89
6730,9999.89
6731,9999.89
6732,9999.89
6733,9999.89
6734,9999.89
6735,9999.89
6736,9999.89
6737,9999.89
6738,9999.89
6739,9999.89
6740,9999.89
6741,9999.89
6742,9999.89
6743,9999.89
6744,9999.89
6745,9999.89
6746,9999.89
6747,9999.89
6748,9999.89
6749,9999.89
6750,9999.89
6751,9999.89
6752,9999.89
6753,9999.89
6754,9999.89
6755,9999.89
6756,9999.89
6757,9999.89
6758,9999.89
6759,9999.89
6760,9999.89
6761,9999.89
6762,9999.89
6763,9999.89
6764,9999.89
6765,9999.89
6766,9999.89
6767,9999.89
6768,9999.89
6769,9999.89
6770,9999.89
6771,9999.89
6772,9999.89
6773,9999.89
6774,9999.89
6775,9999.89
6776,9999.89
6777,9999.89
6778,9999.89
6779,9999.89
6780,9999.89
6781,9999.89
6782,9999.89
6783,9999.89
6784,9999.89
6785,9999.88
6786,9999.88
6787,9999.88
6788,9999.88
6789,9999.88
6790,9999.88
6791,9999.88
6792,9999.88
6793,9999.88
6794,9999.88
6795,9999.88
6796,9999.88
6797,9999.88
6798,9999.88
6799,9999.88
6800,9999.88
6801,9999.88
6802,9999.88
6803,9999.88
6804,9999.88
6805,9999.88
6806,9999.88
6807,9999.88
6808,9999.88
6809,9999.88
6810,9999.88
6811,9999.88
6812,9999.88
6813,9999.88
6814,9999.88
6815,9999.88
6816,9999.88
6817,9999.88
6818,9999.88
6819,9999.88
6820,9999.88
6821,9999.88
6822,9999.88
6823,9999.88
6824,9999.88
6825,9999.88
6826,9999.88
6827,9999.88
6828,9999.88
6829,9999.88
6830,9999.88
6831,9999.88
6832,9999.88
6833,9999.88
6834,9999.88
6835,9999.88
6836,9999.88
6837,9999.88
6838,9999.88
6839,9999.88
6840,9999.88
6841,9999.88
6842,9999.88
6843,9999.88
6844,9999.88
6845,9999.88
6846,9999.88
6847,9999.88
6848,9999.88
6849,9999.88
6850,9999.88
6851,9999.88
6852,9999.88
6853,9999.88
6854,9999.88
6855,9999.88
6856,9999.88
6857,9999.88
6858,9999.88
6859,9999.88
6860,9999.88
6861,9999.88
6862,9999.88
6863,9999.88
6864,9999.88
6865,9999.88
6866,9999.88
6867,9999.88
6868,9999.88
6869,9999.88
6870,9999.88
6871,9999.88
6872,9999.88
6873,9999.88
6874,9999.88
6875,9999.88
6876,9999.88
6877,9999.88
6878,9999.88
6879,9999.88
6880,9999.88
6881,9999.88
6882,9999.88
6883,9999.88
6884,9999.88
6885,9999.88
6886,9999.88
6887,9999.88
6888,9999.88
6889,9999.88
6890,9999.88
6891,9999.88
6892,9999.88
6893,9999.88
6894,9999.88
6895,9999.88
6896,9999.88
6897,9999.88
6898,9999.88
6899,9999.88
6900,9999.88
6901,9999.88
6902,9999.88
6903,9999.88
6904,9999.88
6905,9999.88
6906,9999.88
6907,9999.88
6908,9999.88
6909,9999.88
6910,9999.88
6911,9999.88
6912,9999.88
6913,9999.88
6914,9999.88
6915,9999.88
6916,9999.88
6917,9999.88
6918,9999.88
6919,9999.88
6920,9999.88
6921,9999.88
6922,9999.88
6923,9999.88
6924,9999.88
6925,9999.88
6926,9999.88
6927,9999.88
6928,9999.88
6929,9999.88
6930,9999.88
6931,9999.88
6932,9999.88
6933,9999.88
6934,9999.88
6935,9999.88
6936,9999.88
6937,9999.88
6938,9999.88
6939,9999.88
6940,9999.88
6941,9999.88
6942,9999.88
6943,9999.88
6944,9999.88
6945,9999.88
6946,9999.88
6947,9999.88
6948,9999.88
6949,9999.88
6950,9999.88
6951,9999.88
6952,9999.88
6953,9999.88
6954,9999.88
6955,9999.88
6956,9999.88
6957,9999.88
6958,9999.88
6959,9999.88
6960,9999.88
6961,9999.88
6962,9999.88
6963,9999.88
6964,9999.88
6965,9999.88
6966,9999.88
6967,9999.88
6968,9999.88
6969,9999.88
6970,9999.88
6971,9999.88
6972,9999.88
6973,9999.88
6974,9999.88
6975,9999.88
6976,9999.88
6977,9999.88
6978,9999.88
6979,9999.88
6980,9999.88
6981,9999.88
6982,9999.88
6983,9999.88
6984,9999.88
6985,9999.88
6986,9999.88
6987,9999.88
6988,9999.88
6989,9999.88
6990,9999.88
6991,9999.88
6992,9999.88
6993,9999.88
6994,9999.88
6995,9999.88
6996,9999.88
6997,9999.88
6998,9999.88
6999,9999.88
7000,9999.88
7001,9999.88
7002,9999.88
7003,9999.88
7004,9999.88
7005,9999.88
7006,9999.88
7007,9999.88
7008,9999.88
7009,9999.88
7010,9999.88
7011,9999.88
7012,9999.88
7013,9999.88
7014,9999.88
7015,9999.88
7016,9999.88
7017,9999.88
7018,9999.88
7019,9999.88
7020,9999.88
7021,9999.88
7022,9999.88
7023,9999.88
7024,9999.88
7025,9999.88
7026,9999.88
7027,9999.88
7028,9999.88
7029,9999.88
7030,9999.88
7031,9999.88
7032,9999.88
7033,9999.88
7034,9999.88
7035,9999.88
7036,9999.88
7037,9999.88
7038,9999.88
7039,9999.88
7040,9999.88
7041,9999.88
7042,9999.88
7043,9999.88
7044,9999.88
7045,9999.88
7046,9999.88
7047,9999.88
7048,9999.88
7049,9999.88
7050,9999.88
7051,9999.88
7052,9999.88
7053,9999.88
7054,9999.88
7055,9999.88
7056,9999.88
7057,9999.88
7058,9999.88
7059,9999.88
7060,9999.88
7061,9999.88
7062,9999.88
7063,9999.88
7064,9999.88
7065,9999.88
7066,9999.88
7067,9999.88
7068,9999.88
7069,9999.88
7070,9999.88
7071,9999.88
7072,9999.88
7073,9999.88
7074,9999.88
7075,9999.88
7076,9999.88
7077,9999.88
7078,9999.88
7079,9999.88
7080,9999.88
7081,9999.88
7082,9999.88
7083,9999.88
7084,9999.88
7085,9999.88
7086,9999.88
7087,9999.88
7088,9999.88
7089,9999.88
7090,9999.88
7091,9999.88
7092,9999.88
7093,9999.88
7094,9999.88
7095,9999.88
7096,9999.88
7097,9999.88
7098,9999.88
7099,9999.88
7100,9999.88
7101,9999.88
7102,9999.88
7103,9999.88
7104,9999.88
7105,9999.88
7106,9999.88
7107,9999.88
7108,9999.88
7109,9999.88
7110,9999.88
7111,9999.88
7112,9999.88
7113,9999.88
7114,9999.88
7115,9999.88
7116,9999.88
7117,9999.88
7118,9999.88
7119,9999.88
7120,9999.88
7121,9999.88
7122,9999.88
7123,9999.88
7124,9999.88
7125,9999.88
7126,9999.88
7127,9999.88
7128,9999.88
7129,9999.88
7130,9999.88
7131,9999.88
7132,9999.88
7133,9999.88
7134,9999.88
7135,9999.88
7136,9999.88
7137,9999.88
7138,9999.88
7139,9999.88
7140,9999.88
7141,9999.88
7142,9999.88
7143,9999.88
7144,9999.88
7145,9999.88
7146,9999.88
7147,9999.88
7148,9999.88
7149,9999.88
7150,9999.88
7151,9999.88
7152,9999.88
7153,9999.88
7154,9999.88
7155,9999.88
7156,9999.88
7157,9999.88
7158,9999.88
7159,9999.88
7160,9999.88
7161,9999.88
7162,9999.88
7163,9999.88
7164,9999.88
7165,9999.88
7166,9999.88
7167,9999.88
7168,9999.88
7169,9999.88
7170,9999.88
7171,9999.88
7172,9999.88
7173,9999.88
7174,9999.88
7175,9999.88
7176,9999.88
7177,9999.88
7178,9999.88
7179,9999.88
7180,9999.88
7181,9999.88
7182,9999.88
7183,9999.88
7184,9999.88
7185,9999.88
7186,9999.88
7187,9999.88
7188,9999.88
7189,9999.88
7190,9999.88
7191,9999.88
7192,9999.88
7193,9999.88
7194,9999.88
7195,9999.88
7196,9999.88
7197,9999.88
7198,9999.88
7199,9999.88
7200,9999.88
7201,9999.88
7202,9999.88
7203,9999.88
7204,9999.88
7205,9999.88
7206,9999.88
7207,9999.88
7208,9999.88
7209,9999.88
7210,9999.88
7211,9999.88
7212,9999.88
7213,9999.88
7214,9999.88
7215,9999.88
7216,9999.88
7217,9999.88
7218,9999.88
7219,9999.88
7220,9999.88
7221,9999.88
7222,9999.88
7223,9999.88
7224,9999.88
7225,9999.88
7226,9999.88
7227,9999.88
7228,9999.88
7229,9999.88
7230,9999.88
7231,9999.88
7232,9999.88
7233,9999.88
7234,9999.88
7235,9999.88
7236,9999.88
7237,9999.88
7238,9999.88
7239,9999.88
7240,9999.88
7241,9999.88
7242,9999.88
7243,9999.88
7244,9999.88
7245,9999.88
7246,9999.88
7247,9999.88
7248,9999.88
7249,9999.88
7250,9999.88
7251,9999.88
7252,9999.88
7253,9999.88
7254,9999.88
7255,9999.88
7256,9999.88
7257,9999.88
7258,9999.88
7259,9999.88
7260,9999.88
7261,9999.88
7262,9999.88
7263,9999.88
7264,9999.88
7265,9999.88
7266,9999.88
7267,9999.88
7268,9999.88
7269,9999.88
7270,9999.88
7271,9999.88
7272,9999.88
7273,9999.88
7274,9999.88
7275,9999.88
7276,9999.88
7277,9999.88
7278,9999.88
7279,9999.88
7280,9999.88
7281,9999.88
7282,9999.88
7283,9999.88
7284,9999.88
7285,9999.88
7286,9999.88
7287,9999.88
7288,9999.88
7289,9999.88
7290,9999.88
7291,9999.88
7292,9999.88
7293,9999.88
7294,9999.88
7295,9999.88
7296,9999.88
7297,9999.88
7298,9999.88
7299,9999.88
7300,9999.88
7301,9999.88
7302,9999.88
7303,9999.88
7304,9999.88
7305,9999.88
7306,9999.88
7307,9999.88
7308,9999.88
7309,9999.88
7310,9999.88
7311,9999.88
7312,9999.88
7313,9999.88
7314,9999.88
7315,9999.88
7316,9999.88
7317,9999.88
7318,9999.88
7319,9999.88
7320,9999.88
7321,9999.88
7322,9999.88
7323,9999.88
7324,9999.88
7325,9999.88
7326,9999.88
7327,9999.88
7328,9999.88
7329,9999.88
7330,9999.88
7331,9999.88
7332,9999.88
7333,9999.88
7334,9999.88
7335,9999.88
7336,9999.88
7337,9999.88
7338,9999.88
7339,9999.88
7340,9999.88
7341,9999.88
7342,9999.88
7343,9999.88
7344,9999.88
7345,9999.88
7346,9999.88
7347,9999.88
7348,9999.88
7349,9999.88
7350,9999.88
7351,9999.88
7352,9999.88
7353,9999.88
7354,9999.88
7355,9999.88
7356,9999.88
7357,9999.88
7358,9999.88
7359,9999.88
7360,9999.88
7361,9999.88
7362,9999.88
7363,9999.88
7364,9999.88
7365,9999.88
7366,9999.88
7367,9999.88
7368,9999.88
7369,9999.88
7370,9999.88
7371,9999.88
7372,9999.88
7373,9999.88
7374,9999.88
7375,9999.88
7376,9999.88
7377,9999.88
7378,9999.88
7379,9999.88
7380,9999.88
7381,9999.88
7382,9999.88
7383,9999.88
7384,9999.88
7385,9999.88
7386,9999.88
7387,9999.88
7388,9999.88
7389,9999.88
7390,9999.88
7391,9999.88
7392,9999.88
7393,9999.88
7394,9999.88
7395,9999.88
7396,9999.88
7397,9999.88
7398,9999.88
7399,9999.88
7400,9999.88
7401,9999.88
7402,9999.88
7403,9999.88
7404,9999.88
7405,9999.88
7406,9999.88
7407,9999.88
7408,9999.88
7409,9999.88
7410,9999.88
7411,9999.88
7412,9999.88
7413,9999.88
7414,9999.88
7415,9999.88
7416,9999.88
7417,9999.88
7418,9999.88
7419,9999.88
7420,9999.88
7421,9999.88
7422,9999.88
7423,9999.88
7424,9999.88
7425,9999.88
7426,9999.88
7427,9999.88
7428,9999.88
7429,9999.88
7430,9999.88
7431,9999.88
7432,9999.88
7433,9999.88
7434,9999.88
7435,9999.88
7436,9999.88
7437,9999.88
7438,9999.88
7439,9999.88
7440,9999.88
7441,9999.88
7442,9999.88
7443,9999.88
7444,9999.88
7445,9999.88
7446,9999.88
7447,9999.88
7448,9999.88
7449,9999.88
7450,9999.88
7451,9999.88
7452,9999.88
7453,9999.88
7454,9999.88
7455,9999.88
7456,9999.88
7457,9999.88
7458,9999.88
7459,9999.88
7460,9999.88
7461,9999.88
7462,9999.88
7463,9999.88
7464,9999.88
7465,9999.88
7466,9999.88
7467,9999.88
7468,9999.88
7469,9999.88
7470,9999.88
7471,9999.88
7472,9999.88
7473,9999.88
7474,9999.88
7475,9999.88
7476,9999.88
7477,9999.88
7478,9999.88
7479,9999.88
7480,9999.88
7481,9999.88
7482,9999.88
7483,9999.88
7484,9999.88
7485,9999.88
7486,9999.88
7487,9999.88
7488,9999.88
7489,9999.88
7490,9999.88
7491,9999.88
7492,9999.88
7493,9999.88
7494,9999.88
7495,9999.88
7496,9999.88
7497,9999.88
7498,9999.88
7499,9999.88
7500,9999.88
7501,9999.88
7502,9999.88
7503,9999.88
7504,9999.88
7505,9999.88
7506,9999.88
7507,9999.88
7508,9999.88
7509,9999.88
7510,9999.88
7511,9999.88
7512,9999.88
7513,9999.88
7514,9999.88
7515,9999.88
7516,9999.88
7517,9999.88
7518,9999.88
7519,9999.88
7520,9999.88
7521,9999.88
7522,9999.88
7523,9999.88
7524,9999.88
7525,9999.88
7526,9999.88
7527,9999.88
7528,9999.88
7529,9999.88
7530,9999.88
7531,9999.88
7532,9999.88
7533,9999.88
7534,9999.88
7535,9999.88
7536,9999.88
7537,9999.88
7538,9999.88
7539,9999.88
7540,9999.88
7541,9999.88
7542,9999.88
7543,9999.88
7544,9999.88
7545,9999.88
7546,9999.88
7547,9999.88
7548,9999.88
7549,9999.88
7550,9999.88
7551,9999.88
7552,9999.88
7553,9999.88
7554,9999.88
7555,9999.88
7556,9999.88
7557,9999.88
7558,9999.88
7559,9999.88
7560,9999.88
7561,9999.88
7562,9999.88
7563,9999.88
7564,9999.88
7565,9999.88
7566,9999.88
7567,9999.88
7568,9999.88
7569,9999.88
7570,9999.88
7571,9999.88
7572,9999.88
7573,9999.88
7574,9999.88
7575,9999.88
7576,9999.88
7577,9999.88
7578,9999.88
7579,9999.88
7580,9999.88
7581,9999.88
7582,9999.88
7583,9999.88
7584,9999.88
7585,9999.88
7586,9999.88
7587,9999.88
7588,9999.88
7589,9999.88
7590,9999.88
7591,9999.88
7592,9999.88
7593,9999.88
7594,9999.88
7595,9999.88
7596,9999.88
7597,9999.88
7598,9999.88
7599,9999.88
